id	AIM2	ARG1	CD4	CSF1R	F5	IER3	IL18R1	IL1R2	IRAK3	ORM1	RNASE2	S100A12	S100A9	SLPI	STK17B	TNFAIP6	TNFSF14	TPST1	VCAN	VNN1	Type
Train.GSE10500_GSM265436_Control	1.89497910926865	0.225400120213381	5.87705900428646	6.2438382246625	1.79188618200212	5.0453939784848	2.40971066766404	1.43313026614875	1.36768193224086	3.46874512269389	-0.186276861462054	1.24090292373458	3.21401042546851	0.500500937533716	4.15820300954444	2.34308450044727	3.21550977102097	3.50189187423	2.0265147022814	-0.767089053584536	0
Train.GSE10500_GSM265439_Control	1.34012590731521	2.57608964354893	6.30195395719985	6.91099825297587	1.55104642391458	4.91117161461141	2.01338449021021	1.4553770266104	2.1049413038359	2.47958871458736	0.823929273902496	1.39812697039529	3.23448982641513	0.555378194884266	3.95785407654053	0.41634023738278	1.56718201549773	1.99692389051257	3.4770753491417	1.02077294770053	0
Train.GSE10500_GSM265445_Control	2.06942032285807	0.207981538944695	5.92630950103804	6.45933623226502	1.8688728752965	3.34552915690699	1.26504223607663	1.13123555564732	1.36451595030894	1.72984248580928	0.381630698278393	1.43741484892129	3.61825207866889	1.30889790629159	3.88904071738033	-0.402898314131896	1.23618542136429	1.63347254414098	2.31846090701693	0.774582323700156	0
Train.GSE10500_GSM265020_Treat	3.44329151549109	2.90233005910687	4.2911938224055	2.76099049995985	1.59833568277011	4.74590276160715	3.09400911075045	2.54826996297473	2.59660131109546	1.99873250627155	1.53081186616131	2.36085513387041	2.5187688656636	2.90390487498062	4.90116510610334	3.48480376840815	3.38196575660718	3.07762627820807	3.83979666463392	0.861914993433463	1
Train.GSE10500_GSM265036_Treat	3.3172313442618	1.95506883637235	4.88636825956182	3.92233569835859	4.30755750423552	4.80509044372323	3.06737225294096	3.39543496730363	1.28781923260121	3.24438546939393	2.98105933151275	5.74679517930795	6.31414249805606	3.11433495786716	4.97654137806919	2.2248137023433	4.02723809936031	2.63151833323428	5.52302390241341	1.06384221832198	1
Train.GSE10500_GSM265361_Treat	3.94828134870553	2.53730649234953	4.55133878606144	4.02749900056964	4.40705620726128	4.69018134505207	2.98240311056813	3.19073236449392	2.62462361925881	2.99991334363254	3.05816546250454	4.1711969860509	5.26963304567368	3.12240652299825	4.50474187138912	2.4743186942452	4.54198037717292	3.94770414318865	5.38513977057868	0.787310625754007	1
Train.GSE10500_GSM265363_Treat	1.97668999166783	0.773572157418096	4.96775035311216	4.48080966134654	3.67950668647401	4.70678557613552	2.48149366588485	2.50871212241627	1.94463601147378	2.79817253359771	2.1308317843229	2.50119855477036	5.04704781915306	4.4286360422977	4.80463310133419	2.52818315927623	3.68832527352676	3.18658985168595	4.73409840721858	-0.541599895504728	1
Train.GSE10500_GSM265366_Treat	2.51246023777019	0.709153156928456	4.75844957175681	4.04241028822351	2.09943201791479	4.54554936690363	2.09713767113595	3.14357736843095	3.06505388003078	2.86770305256379	2.85341488353577	3.25460306682114	5.00304880928649	1.12039713960131	4.46841160772691	1.89144940573835	4.01443891632726	4.08073459763254	4.7308148996322	-0.26541225858004	1
Train.GSE15573_GSM389705_Control	2.33747168133568	0.12059276518295	5.90041678860644	8.17227326088838	2.06165182298521	4.6108729417571	1.82607139690212	1.97969682247949	1.62460239107941	1.53770379246895	0.670209860311337	0.851169574714662	2.48209635698538	0.660871674039423	4.0083045714048	0.251820132171015	3.17577199804442	3.00482773090273	3.56956102751743	-0.728973132876861	0
Train.GSE15573_GSM389707_Control	1.83488754333162	0.497877666221108	4.83695017770401	6.11188329592718	1.61102416797565	4.71144254950515	2.1092390803156	1.46054368992129	1.13864905893025	1.38097617194759	1.17277065170279	1.52418501579553	2.68040392272956	0.000523790907883015	4.3702583608395	0.869360891020707	1.98046691556867	2.33659256527342	2.86849415724589	0.118333417204134	0
Train.GSE15573_GSM389709_Control	2.51159058693675	0.836049221482511	4.81150083363596	4.69401852649858	2.07723671493045	4.62567140765641	2.22886894445944	1.92395063982572	1.82159910031762	3.10082013971889	1.5860880990255	1.51860177801509	3.98284701973293	1.24541880075191	4.4485940560445	2.00110551335836	3.45842152344102	2.82925269216473	3.06424737296089	-0.0784558488095176	0
Train.GSE15573_GSM389710_Control	1.56895151250732	0.482517079867707	5.54488417223143	4.87367944533141	1.65142224739932	3.86406965825945	1.89529442058812	1.19008564346184	0.894562395490084	2.16011715851526	-0.309040467526248	1.01804575867895	2.08627327967956	0.0767218685562518	3.91388608874933	0.442876595918578	1.7201844575681	2.3145937783191	2.47755322594553	-0.727331084749304	0
Train.GSE15573_GSM389712_Control	2.38124604240278	0.641904617758628	5.51883526397266	5.64902392103137	2.50299952107731	4.9009713980107	1.95390714882725	1.71250701233147	1.93903330709288	1.29708604471241	0.675522765981465	1.32482486094263	3.5263477917174	2.58000673172995	4.20745234121987	0.551235773112513	2.9670085019599	2.74293167668798	3.67692618652492	0.150418454640949	0
Train.GSE15573_GSM389713_Control	2.53179145788258	0.665307567085181	5.35902984886876	5.06177473484901	1.72761605075255	3.27188994452176	2.29578174722379	1.46296154125717	1.20493845305328	1.98227144190938	-0.462339317155885	1.95867272139645	2.54189044735546	0.960078023570279	4.17388294786532	0.482433466294665	2.4820337755727	2.6336732462421	3.70506336040072	-0.325749268445851	0
Train.GSE15573_GSM389715_Control	2.18874396676319	-0.0310221231272088	5.68941005595132	5.63315024586621	2.31393794690873	4.75887614519368	2.59247845686836	1.99875349011395	1.4480996305633	2.11640892198056	0.223225939303437	2.13795374164605	3.54336695595754	0.960078023570279	4.38025984941318	1.09549257717997	3.03593237261789	2.62389955679997	4.2799489887639	-0.307034777922245	0
Train.GSE15573_GSM389718_Control	2.32324657471449	0.22165845987892	4.9863824001406	4.85549702049992	0.780254078348212	3.52336573379661	2.37734535092237	1.07831173177726	1.09650283969691	1.96896461188788	1.33912012676332	2.2981357013514	3.01014647962572	-0.0346047242372438	4.4202813925744	1.03469736322049	2.39936653461009	2.44589194807597	3.68517939684503	-0.404195445768125	0
Train.GSE15573_GSM389720_Control	2.23374222708337	0.859185726669913	5.15551644831768	3.91637673867487	2.17446344012201	4.92523139351198	2.21365302306156	1.35418236368917	1.28460053311631	2.23188034644265	-0.653428138687175	1.31541862669719	3.62378445712561	-0.0140237974097754	4.48836207500808	1.38350172979548	3.26099817553045	2.39809481451577	2.67813187101266	1.02652691752976	0
Train.GSE15573_GSM389723_Control	2.66965361846926	0.381268306990235	5.46531216053229	5.30319511573978	2.06472792149627	4.15124581929421	2.45027763907489	2.23872868270669	2.05793189033989	0.935907248346417	0.600562168324621	1.40457529159609	3.6650732815949	2.71104296030867	4.24731717524922	1.92817705734896	2.81307537386589	2.48409476351625	4.04281765194656	0.565682709839237	0
Train.GSE15573_GSM389725_Control	1.94839657690627	0.225767911203005	5.63412486833579	7.82355075732427	2.81359674788248	4.39016083885001	1.93361255120259	1.87325045774982	1.71136669703041	1.88240409776371	0.533482216462335	2.26423646106344	4.0785055635041	1.08191329360227	4.02266437887129	1.15250236930355	3.31720297055973	2.78536405152482	4.63899262118075	-0.0945119702934781	0
Train.GSE15573_GSM389728_Control	1.57337526223938	0.585114419707142	5.20508747192291	5.19297315183944	1.45349513046099	4.67119647103651	2.19434791538731	1.78022178893162	2.01984052955681	2.23112689755075	0.778823789029579	2.03850453004037	3.5263477917174	0.568729126743538	3.67853440713754	0.78321694046458	2.82839208959539	2.75144075735623	0.448650830339826	0.178700547479385	0
Train.GSE15573_GSM389729_Control	1.36531093737826	0.524636503999671	6.04779568673181	4.71293132012049	1.43179847214219	4.11611723454168	1.69220980992068	2.16139421336288	1.34257812638571	2.15617667206563	-0.613558346569574	1.68606706786686	2.56782022114899	2.16821143416127	4.01762753405145	0.845615345565788	3.34440798512894	2.79036679141525	4.25515844207893	-0.472449265186209	0
Train.GSE15573_GSM389732_Control	1.66871599776775	0.70326359721458	6.00481905570451	4.96225340899877	3.36696541931738	3.01153832098494	2.65324689743795	1.90039727434084	2.19979336104035	2.34282287674905	-0.389202258550938	1.71515085402353	2.25857906670452	-0.0144195543822887	4.02237229274067	1.25023597375836	3.36825568938076	2.3205564414498	0.71089732895072	0.115939330466677	0
Train.GSE15573_GSM389734_Control	1.68858584969851	0.0166207043556255	5.44523123450296	5.69969550252618	1.04827670914906	2.95402659294862	2.15441379423351	0.800563357905824	0.699791538488935	1.47536537884383	-0.24567494971472	2.27671382990547	2.17969167020724	0.093886458514282	4.14392688967717	1.2660443443961	1.71364445307315	2.21874560658735	4.18608756064229	-0.616624005664127	0
Train.GSE15573_GSM389703_Treat	3.51173260053187	1.59771984159854	4.46031729482346	3.28684132364284	2.54202969689146	5.55431841320626	2.3310139391266	3.64523325553283	3.13503350286261	2.46706813667483	2.80204365276742	2.06604567255175	4.49485404490351	2.12614231155749	5.07226440271253	1.97220671283914	1.80395880086058	3.35170729662548	4.50421294336061	1.59659744611232	1
Train.GSE15573_GSM389704_Treat	2.57653419475253	2.102175424463	4.94324062456688	4.19307540268361	1.81538312725529	4.94924722050741	1.72578897155339	2.17350875175777	1.9336678317004	3.49748996674542	2.92397434504844	1.60492790411529	4.61427621428723	7.02631598257132	4.26380937556255	1.96086817303207	3.66091954040506	2.77483520062576	3.71392071550625	0.423778659582682	1
Train.GSE15573_GSM389706_Treat	2.2237564867955	5.58576090807032	4.19854529130127	4.62204533891749	4.58857409625323	5.50738783554719	4.17056782713083	5.21997385491322	4.1975572476091	4.41395752114307	5.42683590710292	3.90332894683564	6.72975892937768	3.75819088146826	5.02385440842929	3.83110881120076	4.07083902940985	4.91468511260871	4.42643670913118	1.92816388485848	1
Train.GSE15573_GSM389708_Treat	2.43276595805491	1.91654232155238	4.92368441889441	4.75385321353393	2.72130031566777	5.43612694803864	1.87536704543704	1.97353497891343	1.73779429921602	3.1468317771517	3.29616195119697	1.38546561653134	4.71548913802019	2.27029014070379	4.56092086446679	1.27488356042079	3.05669369159402	2.71790569152884	3.4874900838753	0.114509096831312	1
Train.GSE15573_GSM389711_Treat	3.79273144837952	4.78009431246193	4.44109463232357	4.26620051419589	4.52149628107608	4.46646195156017	4.66995229318465	3.96442985277998	3.67365899232404	3.78397481275959	1.09452111244063	1.8179047196767	5.22352789173086	0.39577394421465	5.07028707806424	4.12559079881297	4.66903162056474	4.61455102392695	3.32216309381367	1.80801648647901	1
Train.GSE15573_GSM389714_Treat	2.70306040591093	1.71124956427627	5.00059215281255	4.96225340899877	2.78582650769153	5.19256809076068	2.06994204253094	2.26851399105967	1.96232421487601	3.17583904693973	3.80212668215196	5.03023720606928	5.69727629972135	4.57825094898919	4.40435613472247	2.89303125440227	3.44158276702875	3.20881305755481	5.91412585311287	-0.233520574739311	1
Train.GSE15573_GSM389716_Treat	3.82279174972589	2.57020335308829	4.73346962869017	2.79789291412406	3.05418381441654	4.72587167190509	2.81745989808551	2.26536756665015	2.30096713147334	4.72930714797117	2.74971629611779	5.36654059709019	6.02190050648348	3.09136853940696	5.13083177423466	2.70904537566555	2.14171501978854	2.63169033313229	5.15566522822719	1.75518528832053	1
Train.GSE15573_GSM389717_Treat	4.3418992535654	3.18705586238245	3.56170887132959	2.91741686801052	2.92699236327622	4.88440425581421	3.73251480555421	3.4623108506171	2.82523148087634	3.10013537256271	2.49557409409016	6.30793534345684	7.06065556522162	4.533181581827	5.28352800368161	3.54913230535076	4.97870164347557	4.81466225763834	3.81678763658056	-0.0304623770576091	1
Train.GSE15573_GSM389719_Treat	1.64137934410676	1.39737673372949	5.95481198541512	6.25370718997362	3.67728412387694	4.60718955167032	2.07529375448734	2.0421598972712	2.03986587780794	3.55414419791394	2.60318754057182	3.0097136953911	5.81616243243609	2.18999371021755	4.41949128318175	0.98184326312277	3.18393665270637	2.71870262438958	5.32985086154954	-0.0261609882642972	1
Train.GSE15573_GSM389721_Treat	2.09477957345537	0.450509456010526	5.15702796835343	4.17319531974644	3.10910885048153	4.30940828701881	1.89849888643823	2.09689251296763	1.38976180068186	2.20648860623522	2.23504621972494	2.61523034844961	4.17550419894773	3.07670363182867	4.26302418896985	1.55864543822409	2.95854501967721	2.52726264267883	4.72416544252709	1.18299175668547	1
Train.GSE15573_GSM389722_Treat	3.84967107448449	3.39885443360838	5.11593951709093	3.9816442584353	3.81219782889168	5.15916722999264	3.69473110534077	4.99327960713453	4.19521570963078	4.4415070979729	2.59435241172397	3.61604694963478	5.85584114676161	3.79943876924766	4.90196259969592	3.06881111852963	4.32719352434739	4.55948894229404	4.78875612020326	2.16127739303115	1
Train.GSE15573_GSM389724_Treat	1.22972235476349	-0.000998935987387206	5.79060380043313	4.17817228470301	4.29919846764632	6.42494990000517	1.72518575308094	2.6376316338781	2.10658579861367	2.96186468714166	1.97719944061441	1.36489467581177	5.48090149804097	2.86757501060668	3.51287480447777	0.363135562317948	4.11239227019074	2.14173388082812	0.810502641076923	-0.537750312853021	1
Train.GSE15573_GSM389726_Treat	3.70067186624613	3.3200654304974	4.80203878329375	4.13144011965938	3.9247837082407	6.17350192739555	2.6111337818372	4.31056526704981	3.48459041730387	4.36999095927401	3.06633853167859	2.49697928287354	6.02190050648348	2.64805346715001	4.80791004517039	3.00837140334298	3.33533784677281	4.54828519655711	4.29887714116655	1.18462506017803	1
Train.GSE15573_GSM389727_Treat	2.86316762504526	0.988167574791802	4.76660999020602	5.39167921300116	2.5489062763669	3.94472330639207	2.12890823562935	1.67403398720128	1.73386244838938	2.23739026180862	3.21823933470177	3.68817438548598	4.97012055674384	2.0187138467304	4.64381014962946	3.03468323633804	2.84410664209709	2.50168953403462	5.80737900859791	1.23730857116765	1
Train.GSE15573_GSM389730_Treat	1.87174534918916	0.913049943070599	5.97067643763106	6.18233202247595	3.56486221326928	3.40126525447983	1.41702789245994	1.67940405340497	0.751437167894498	3.2268880283927	2.14873368076303	3.69849169940725	3.05972387109597	2.60501294106825	3.97408126612299	-0.353966517669018	3.57896606541609	2.52726264267883	5.66981176294061	-0.256881381325627	1
Train.GSE15573_GSM389731_Treat	4.19035497368927	4.56471590893697	4.85767947912005	3.83614074354769	4.9041577697138	4.78974568942632	3.77513483632742	4.33200416178468	3.66754668493097	4.13911371678395	2.08196750904391	6.29844773122093	5.97532932066054	3.72675557664765	5.50406287789784	3.84121147577266	5.0687081628103	4.54270257129628	5.71115381569756	1.20698314861782	1
Train.GSE15573_GSM389733_Treat	2.52695103070611	2.60044394556865	4.32702286730034	1.73864248865586	1.11859346850507	4.1091901122157	2.47297770264317	1.10328087332954	1.36072467962359	2.32184624453813	2.70831210267184	4.27038968007795	3.91769456280987	2.38227997838403	4.86936956166563	2.65803868747317	1.87297448000445	2.66594616043701	4.88994586321658	0.542481249935122	1
Train.GSE15573_GSM389735_Treat	4.25842438825698	1.70909349176376	5.65030171220604	4.22160716961455	3.12547989392649	3.96725480522372	2.37014165242776	1.82940162057151	1.61491554071881	2.57494664148748	2.19362559799924	5.25969660287289	4.20579427101879	2.75113329804988	4.4485940560445	3.954086767571	2.90098649952263	2.35745123861814	5.36552503145828	-0.549194125188155	1
Train.GSE7669_GSM185531_Control	2.88922666145512	1.1177068305913	5.54785189294748	5.2037179061252	1.87139080624276	4.15482721494183	2.17100441878176	2.24047197190656	2.80061238363333	3.43218798747881	2.55016033920498	3.86684683989386	3.44708236936028	0.424617275503824	5.01053249128648	2.23194435778389	2.96735863432276	2.48130099374444	3.96617370613159	-0.408613429694756	0
Train.GSE7669_GSM185532_Control	2.13849586101106	2.50363481859262	4.81041966564484	2.97627772999198	2.79160921350878	3.83703726845748	2.06630579924792	2.24176938357871	1.26607031324282	2.76810736005941	1.03887524328214	4.09791256746573	5.53850343845134	0.357735911405991	4.24316889582112	-0.599449745060582	2.8131986852636	2.44032734185207	2.80459779521863	0.303137675138834	0
Train.GSE7669_GSM185533_Control	2.33898739998362	2.28946440414026	4.78651600944973	4.68320024515339	2.53013297855349	5.5739639330209	1.90382308316606	3.78427464654144	1.72854236866753	3.49652124674155	0.67986311749058	3.19811081965928	4.10879563557517	3.2628908626994	4.12611537897611	2.72684394857444	4.37421747078756	3.09848495155279	4.40356680183864	0.802271724610893	0
Train.GSE7669_GSM185534_Control	1.26739028610527	0.919225562443074	5.47198058342414	5.9358529798959	2.21230877331871	5.52165778480724	2.21718555509843	2.5051542955456	2.00953571232513	3.14172062589315	2.58808666582853	1.18165267033073	4.19853577448248	4.63809941447669	4.49398965582243	3.07400868784539	2.91913937739962	3.28532762170411	3.55541965981114	-0.135044325139163	0
Train.GSE7669_GSM185535_Control	2.49119516972768	3.12679535201551	5.00957666695402	4.7585556774686	2.7826987477962	3.34198639551662	1.88897544251977	1.58906214144195	1.3861887220908	1.61420294485974	-0.351287431723214	3.48834896081804	5.32058053086875	2.04313815253599	3.88610672860761	0.928906443088989	2.89312337273101	2.76716810041058	3.12748033506387	-0.794586072525299	0
Train.GSE7669_GSM185536_Control	2.41582881845062	0.0831075075202736	4.87899614192781	4.78494208819863	4.33510537585942	3.23433203767298	1.2710955863615	1.34035556365433	0.683891338758708	1.67422463127983	0.406383187372953	4.11102857662422	2.41893603633958	2.14667005365347	3.78587195780622	1.02513927156099	3.14309537773273	2.68536167273279	3.17918946081228	0.167956305944157	0
Train.GSE7669_GSM183695_Treat	1.76325096332522	0.460784718947366	5.58856531152081	5.61268194645354	2.17475431617691	5.63386712158136	2.62963036510277	3.49846944961114	3.60955737664979	0.974221405875403	2.98464562498149	1.131422990261	3.10792916870458	3.64285353421816	4.73591737770641	3.1832374091291	2.41238623802593	3.15773809736699	4.35831004545085	1.67106772938846	1
Train.GSE7669_GSM185526_Treat	2.49783587575802	1.20392030781286	5.55124752514836	5.13402895919062	2.93450909468715	5.25006204703866	3.19379202887288	1.5660511836712	2.85568026085337	2.3437382915252	2.81077528345286	3.19452488081867	5.14978284700951	2.92856851207788	3.89771058856639	3.16150176116821	4.70511055535357	3.35812780710372	4.55604057938675	0.608504215802393	1
Train.GSE7669_GSM185527_Treat	2.13849586101106	-0.387596304882873	4.82748731384187	4.46219914563566	1.99335322683635	5.18100640293427	3.11578847243974	0.877870247196372	0.665132676155632	3.41416569500457	1.18745260531254	3.65141099375107	4.89896168893664	-0.529641947862303	4.4713201620332	0.340839585266366	2.92298453280871	2.77710314213797	4.34290757381082	0.994192172182419	1
Train.GSE7669_GSM185528_Treat	3.28382891233348	3.41409242296524	4.80229748263249	4.34567672970889	2.11574241538692	3.96377694938555	2.5049387571805	2.48711349320626	2.60544028747892	3.17452384295563	2.67336258033841	1.11142877182166	3.56444039754105	1.32578405853773	4.6974539007307	1.34680362101918	2.29075529563448	3.04454578353968	4.86328877965727	-0.636141059355403	1
Train.GSE7669_GSM185529_Treat	3.90789412519173	0.732940243510843	5.25402476350024	4.97506182275273	2.35248183186661	3.62234051940513	2.99864450336917	2.763771305805	2.07004814126712	3.21918439788568	2.84785555366945	2.42548164190505	3.85967859407682	0.607860575061234	5.21523153851661	1.27763104401135	3.2046970715993	3.60443248008824	4.5295883125031	0.684018997147838	1
Train.GSE7669_GSM185530_Treat	3.33381423544645	2.25195789633151	5.31508350208118	4.52649447427686	3.72613894729049	5.42728588460819	3.14869033613848	2.804350757503	2.42403040140599	3.05838815334803	0.0127073913155626	0.848613244362084	4.26216412714524	4.42842486762858	4.71376313697906	3.31395263380437	2.98948447942253	3.33476039238959	3.7828305775438	0.91918846617135	1
