id	GSM265436_Control	GSM265439_Control	GSM265445_Control	GSM389705_Control	GSM389707_Control	GSM389709_Control	GSM389710_Control	GSM389712_Control	GSM389713_Control	GSM389715_Control	GSM389718_Control	GSM389720_Control	GSM389723_Control	GSM389725_Control	GSM389728_Control	GSM389729_Control	GSM389732_Control	GSM389734_Control	GSM185531_Control	GSM185532_Control	GSM185533_Control	GSM185534_Control	GSM185535_Control	GSM185536_Control	GSM265020_Treat	GSM265036_Treat	GSM265361_Treat	GSM265363_Treat	GSM265366_Treat	GSM389703_Treat	GSM389704_Treat	GSM389706_Treat	GSM389708_Treat	GSM389711_Treat	GSM389714_Treat	GSM389716_Treat	GSM389717_Treat	GSM389719_Treat	GSM389721_Treat	GSM389722_Treat	GSM389724_Treat	GSM389726_Treat	GSM389727_Treat	GSM389730_Treat	GSM389731_Treat	GSM389733_Treat	GSM389735_Treat	GSM183695_Treat	GSM185526_Treat	GSM185527_Treat	GSM185528_Treat	GSM185529_Treat	GSM185530_Treat
RNASE2	6.952622	7.567541	7.298311	7.473971	7.779883	8.031472	6.877895	7.477205	6.784581	7.201889	7.881141	6.668264	7.431576	7.390744	7.540085	6.692533	6.8291	6.916466	8.618309	7.69838	7.479847	8.641395	6.852179	7.313378	7.997825	8.8806	8.927535	8.363061	8.802902	8.771632	8.845852	10.36936	9.072405	7.732252	9.380389	8.73978	8.585082	8.650587	8.426497	8.645209	8.269544	8.93251	9.024973	8.373958	8.333317	8.714577	8.401284	8.882783	8.776947	7.78882	8.693303	8.799518	7.073745
S100A8	10.40608	10.688643	10.142817	10.142277	10.776743	11.641733	9.86037	11.707701	10.449315	10.754339	11.287629	10.910288	10.742667	11.424327	10.867783	9.960883	9.930418	9.879411	12.087613	11.417697	10.939515	12.324608	12.544846	12.254463	12.298508	12.714402	12.452152	12.426742	12.452152	12.448685	12.568179	12.675706	12.501769	11.945204	12.980583	13.161283	12.980583	12.26415	12.151442	12.420543	11.169248	13.161283	12.86765	10.814231	13.161283	13.161283	11.924596	10.015442	11.531873	11.855957	12.561044	11.424649	10.584556
S100A9	10.24955	10.259789	10.451657	9.883618	9.982765	10.633942	9.68572	10.405708	9.913513	10.414217	10.147625	10.454423	10.475066	10.681768	10.405708	9.926477	9.771867	9.732426	10.366078	11.411717	10.696912	10.741779	11.302763	9.85204	9.901953	11.79951	11.277291	11.166006	11.144008	10.889928	10.949635	12.007304	11.000238	11.25424	11.491098	11.653399	12.172741	11.550537	10.730264	11.570375	11.382918	11.653399	11.127545	10.172412	11.630115	10.601368	10.745408	10.196513	11.21737	11.091968	10.424753	10.572362	10.773591
RTN1	7.152247	7.499193	7.072055	7.649934	6.917875	6.636042	6.800202	6.775922	6.5022	7.301405	6.391529	6.54975	7.775918	7.544908	7.319543	6.627838	7.143659	6.789737	6.991352	5.554268	6.606058	7.348434	6.987705	7.442188	6.095105	6.248674	5.983561	6.188534	6.520968	6.066916	6.350784	5.301554	6.47689	6.169021	6.13974	6.280456	5.350773	7.276476	6.100531	6.018786	7.12312	6.696868	6.310954	6.59938	5.773131	5.973858	6.126038	7.012959	6.79285	5.47205	7.12122	5.444766	5.879436
CKAP4	10.428019	9.582433	9.69429	10.251629	9.6506	10.649221	9.242623	10.386777	10.151455	10.394089	9.795783	10.120216	10.264589	10.34214	10.445999	10.225749	11.078536	9.615341	9.735581	10.426319	10.599873	11.145518	10.104811	10.151791	11.147984	11.299504	11.033254	10.499562	11.092654	10.228225	10.893144	11.878514	10.787789	11.85478	10.784255	10.037504	11.264651	11.107183	10.492861	11.606352	11.372395	10.881212	10.414127	10.616689	11.942206	9.588276	10.92615	11.292968	11.169673	10.556749	10.190164	10.450004	11.346193
ZFP36	11.976859	12.955869	12.041929	12.08025	11.987953	11.666643	12.582451	12.040009	12.461993	12.780054	12.142868	12.697631	12.388685	11.950976	12.5156	12.411695	13.41561	12.199107	12.284786	12.275264	13.053672	12.087235	12.091935	11.951164	12.133467	12.053135	11.445528	11.879989	11.371769	10.61908	11.969775	11.487807	12.128719	12.762418	10.908256	11.721735	11.477654	11.94536	10.911749	11.588941	12.404996	11.881782	11.20559	11.554325	11.781561	11.357767	11.759958	12.225151	10.922172	11.682532	12.27774	12.077512	10.655335
TXN	11.095356	10.417592	11.072078	10.75772	11.052329	11.578912	10.360941	11.179145	10.776114	11.150848	11.209617	10.898642	11.433962	11.254197	10.743011	10.523148	10.560406	10.355263	11.378619	11.48764	12.179419	12.057883	11.703151	11.866168	12.437121	11.646374	11.927545	11.779059	12.099423	12.671279	11.520588	12.295053	11.782411	11.580814	11.887162	12.491338	12.739705	11.809292	11.975767	12.242322	10.866707	12.779429	11.807254	10.830989	12.477604	12.371697	11.908699	11.353029	11.513521	11.079121	11.324029	10.985292	11.38798
STK17B	7.383261	7.139072	7.055201	7.200562	7.641718	7.737195	7.085483	7.443287	7.402372	7.653908	7.702687	7.785665	7.491875	7.218064	6.798632	7.211925	7.217708	7.365861	8.422096	7.486819	7.344152	7.792524	7.051625	6.929457	8.288797	8.380667	7.805629	8.171142	7.761349	8.497336	7.511976	8.438333	7.874101	8.494926	7.683277	8.568719	8.754828	7.701724	7.511019	8.289769	6.596723	8.175136	7.975128	7.15885	9.02362	8.250044	7.737195	8.08739	7.065768	7.764894	8.04051	8.671587	8.060388
POLD2	10.503822	9.608101	9.797923	10.009623	9.932258	9.596058	10.570679	10.167084	10.277017	9.599977	10.1754	10.029155	9.080272	9.631047	9.652019	9.998065	9.824632	10.053774	9.381472	9.993102	9.380206	9.813374	9.905289	9.666451	8.331761	8.368072	9.510312	10.240676	9.228713	9.097954	9.759258	8.402327	9.39253	8.287123	9.411089	9.226397	7.655477	9.252623	9.918454	8.376298	10.236455	8.725045	9.386678	9.650247	8.145562	9.660531	9.328999	8.578686	9.494949	9.618057	9.281677	8.653139	9.895027
VCAN	8.389916	9.515992	8.616555	9.587789	9.043548	9.195512	8.740059	9.671137	9.69298	10.139266	9.677544	8.895769	9.95518	10.417993	7.165014	10.120021	7.368597	10.066401	9.895681	8.993945	10.235231	9.576811	9.2446	9.284742	9.797574	11.10427	10.99723	10.491824	10.489275	10.313363	9.699856	10.252985	9.524077	9.395733	11.407884	10.819088	9.779712	10.954309	10.484113	10.534255	7.445921	10.15396	11.325016	11.218222	11.250316	10.612809	10.982003	10.200098	10.353597	10.188141	10.592115	10.333062	9.753351
S100P	8.319678	7.685284	8.096869	8.346098	9.021562	9.457204	8.780448	9.550844	8.922894	8.668511	7.636999	8.579993	8.290435	6.628086	8.67389	8.263559	7.260007	8.175206	8.687333	9.261003	9.221589	9.422025	8.644229	9.977319	9.419111	10.533609	10.18728	9.652723	9.382176	10.47924	9.529848	10.884435	10.290454	10.087106	7.856047	10.999936	11.565934	9.085366	9.47006	8.17687	10.250054	10.359014	9.6022	8.929047	10.408796	8.62792	9.014745	9.201687	9.138924	8.791777	9.292838	9.023561	8.976381
HIRIP3	7.722093	8.141065	8.427574	8.03188	8.007382	7.79346	8.241547	7.895688	8.043246	7.875173	7.942339	8.177475	7.389885	8.224232	7.191804	7.521952	7.028677	7.74022	7.619081	8.103008	7.641039	7.384043	7.833497	7.97797	7.0082	6.819066	7.508659	7.313363	7.012294	7.188339	7.969685	6.876644	7.447284	7.408203	7.72468	7.159663	6.215615	7.360083	8.332489	7.254922	6.274384	7.194503	7.026394	8.066274	6.852836	7.039522	7.233435	7.155523	7.714728	7.705376	7.378934	7.751476	5.77993
SLPI	7.472621	7.507703	7.989414	7.575143	7.152995	7.948833	7.201707	8.80201	7.76642	7.76642	7.130538	7.143695	8.885779	7.844307	7.516238	8.538757	7.143442	7.21268	7.42411	7.381354	9.238565	10.11771	8.4588	8.524986	9.009072	9.143596	9.148756	9.983804	7.868909	8.511863	11.644452	9.555201	8.604014	7.405671	10.07945	9.128914	10.050638	8.552682	9.119539	9.58157	8.985847	8.845511	8.443186	8.817996	9.535105	8.675607	8.911408	9.481468	9.024839	6.81407	8.000209	7.541254	9.983669
AIM2	6.464799	6.082626	6.584951	6.76958	6.423409	6.88951	6.240237	6.799731	6.903424	6.667139	6.759782	6.698133	6.998381	6.501592	6.243284	6.099973	6.308953	6.322639	7.149619	6.632529	6.770624	6.032527	6.875462	6.823551	7.531249	7.444421	7.879077	6.52108	6.890109	7.57839	6.934242	6.691255	6.835217	7.771937	7.021391	7.792642	8.150194	6.290124	6.602418	7.811156	6.006582	7.708528	7.13167	6.448796	8.045813	6.90009	8.092698	6.374067	6.880036	6.632529	7.421414	7.851259	7.455843
NEDD9	5.899916	6.543445	6.238154	6.910698	6.75425	6.728585	6.473963	6.490044	6.796391	7.152528	6.693509	6.708462	7.128818	6.495781	6.98195	6.984524	7.69659	6.554851	6.286623	6.460283	7.787266	7.30799	5.990932	5.894967	7.266797	7.854709	7.828982	7.75323	7.245686	6.757171	6.533183	7.813941	7.024658	7.754913	6.784324	6.941963	8.312334	6.790562	6.723871	8.141447	7.724387	7.679882	6.627392	7.014515	8.205372	6.45342	7.243571	7.029258	8.172249	8.324361	7.125089	7.19061	7.184767
TNFAIP6	9.999502	8.042942	7.211026	7.875876	8.502973	9.652231	8.069889	8.179925	8.110058	8.732604	8.670868	9.02507	9.578174	8.790496	8.415496	8.47886	8.889742	8.905795	9.886642	7.011433	10.3892	10.741737	8.56344	8.661162	11.158889	9.879401	10.132767	10.187465	9.540878	9.622885	9.611371	11.510553	8.914771	11.809592	10.557959	10.371126	11.224213	8.617196	9.202924	10.736459	7.988914	10.675084	10.701803	7.260715	11.520812	10.31933	11.635434	10.852656	10.830584	7.966273	8.987804	8.917561	10.985394
ANXA1	10.554453	10.595148	10.033013	9.956446	11.314654	11.350985	10.280427	10.655629	10.278678	10.287256	11.53404	10.781016	11.217501	11.090691	11.404191	9.793456	10.388293	10.390286	11.636425	11.502866	10.98998	10.70428	11.563305	11.439996	11.82751	11.784623	11.880849	11.619567	11.703709	12.721377	11.536495	11.413828	11.495087	11.506363	11.706097	12.097633	11.151041	11.558639	11.813232	11.376509	10.315232	12.549917	12.125016	10.277765	11.779475	12.688479	10.813481	11.11065	10.994936	11.249018	11.568063	11.199534	10.581104
ORM1	8.402634	7.437698	6.70631	6.518876	6.365986	8.043718	7.126049	6.28415	6.952558	7.083411	6.939577	7.196055	5.931815	6.855136	7.19532	7.122205	7.304281	6.458064	8.366972	7.719152	8.42973	8.083617	6.593502	6.652054	6.968616	8.183768	7.945282	7.748481	7.816309	7.425484	8.430675	9.324702	8.088603	8.710145	8.1169	9.63233	8.04305	8.485942	7.171285	9.351577	7.908165	9.281812	7.20143	8.166699	9.056588	7.283818	7.530721	5.969191	7.305174	8.349391	8.115617	8.159184	8.002325
DFFB	6.84373	7.198718	6.782636	6.28187	6.760734	6.89195	6.84761	6.986388	6.937203	6.643179	6.973958	7.05271	6.524144	6.200872	7.617638	6.468259	6.751491	6.268858	5.7827	5.882806	6.966128	6.806534	5.91437	7.122126	7.012599	5.778808	5.880231	5.379641	6.025885	6.560153	6.745385	4.981037	6.483617	6.04048	5.93991	6.502146	5.190534	6.036357	6.337336	5.348515	6.825214	6.336876	6.107696	5.759627	5.750827	6.55829	5.484736	6.089329	5.995446	6.768778	6.553472	6.714653	5.626358
CKS2	7.354423	6.591502	6.755727	7.511431	7.461093	8.287571	7.203914	7.907361	7.476088	7.373241	7.725621	7.958757	7.365503	7.973553	7.306781	6.534703	7.38586	7.621076	7.453631	7.53543	8.45641	9.258191	7.463693	6.806097	8.798129	8.574072	8.415422	8.61417	8.516577	9.0502	8.465138	7.669775	7.654929	7.789423	8.678685	8.873991	8.326266	7.824367	8.425806	7.821191	7.239429	8.328996	8.577689	7.461001	7.843862	9.480542	7.915458	7.740624	8.084651	7.909137	7.715947	7.379445	9.046392
RAPGEF1	9.549345	9.414592	9.112874	9.780362	9.293069	8.675316	9.173718	9.032524	8.387766	9.210249	8.570831	8.79077	8.366308	9.064232	8.936893	9.010786	9.030659	8.711457	9.016182	8.709723	9.272989	8.532343	9.062804	8.792777	6.690588	7.68111	8.8534	8.990547	8.512146	7.552579	8.650043	8.748698	7.890255	8.313968	8.322538	7.349817	7.83188	8.368389	8.906353	9.032524	9.975484	7.80207	7.75176	9.164296	9.50202	7.242246	7.106195	8.562346	8.124929	7.660392	8.639405	8.346974	8.356793
KCNJ15	6.520383	6.218113	6.257535	6.91369	6.082451	7.097761	7.038682	6.837285	7.197844	8.202494	6.525171	7.051687	8.182341	7.371237	6.602904	6.943694	7.838566	6.72151	7.421436	8.250215	7.751346	7.992231	7.087064	7.326664	7.874901	9.356919	9.168854	8.133488	7.542384	6.693949	7.259034	8.524193	7.41397	9.009028	7.720416	8.438869	9.275836	7.892177	6.939416	9.904128	9.149647	8.386345	7.952802	6.68941	8.610161	6.958417	8.072305	7.792531	7.833101	7.122114	7.368494	7.838931	7.718285
F5	6.015593	5.801146	6.084143	6.255796	5.854551	6.269673	5.890522	6.648778	5.958366	6.480435	5.114822	6.356245	6.258535	6.925338	5.714285	5.694966	7.418065	5.353473	6.086385	6.90576	6.672938	6.389943	6.897826	8.28011	5.843253	8.255581	8.344176	7.696356	6.289436	6.683531	6.036515	8.505802	6.843156	8.446075	6.900611	7.13956	7.026307	7.694377	7.188466	7.814506	8.248138	7.914754	6.689654	7.594275	8.786802	5.416084	7.203043	6.356504	7.033	6.194982	6.303959	6.514755	7.737878
RNASE3	7.177037	6.224331	6.900264	6.450038	6.965079	6.513717	6.75213	6.471327	6.366859	6.53476	6.612818	6.174349	6.419173	6.463299	6.73273	6.243879	6.150479	6.872626	6.7145	5.953351	7.43968	7.171132	7.196044	6.645906	7.555538	7.688847	7.731408	6.494389	6.427632	7.13853	7.51077	9.656308	7.990897	6.6472	8.395247	7.161647	8.697663	7.137589	6.626201	7.178808	8.056985	6.769808	7.287665	7.531961	6.797806	6.804463	6.826903	7.956548	7.780788	5.305801	6.914291	7.649642	7.522489
IL1R2	8.134668	8.154027	7.871961	8.610287	8.158523	8.561777	7.923172	8.37778	8.160627	8.62687	7.825907	8.065968	8.835695	8.517658	8.436705	8.768399	8.541281	7.584212	8.837212	8.838341	10.18062	9.067537	8.270359	8.053936	9.105056	9.842254	9.664123	9.070633	9.623089	10.059627	8.778941	11.429957	8.604925	10.33739	8.861614	8.858876	9.900449	8.664642	8.71227	11.232689	9.182818	10.638595	8.344301	8.348974	10.657251	7.847635	8.479501	9.931914	8.250335	7.651484	9.051838	9.292584	9.327896
SLC22A4	7.967954	7.219246	5.841914	7.425445	6.990004	7.42486	7.161697	7.366028	7.612325	8.076166	7.003673	7.83569	7.702737	7.250411	6.879899	6.973541	8.347452	7.265975	7.383495	7.40007	8.418814	7.591398	7.096647	7.05079	8.202706	8.503489	8.15947	8.404861	7.975641	6.603216	8.003117	8.510763	7.964027	9.058836	7.631774	7.852179	9.010825	7.060723	7.40906	8.579548	8.259433	7.862658	7.395373	7.846553	10.022614	7.254486	8.589948	9.106762	7.780629	7.519738	7.996448	7.47726	8.34014
CSF1R	10.786942	11.195257	10.918831	11.967182	10.706183	9.838422	9.948378	10.422904	10.063496	10.413189	9.93725	9.36249	10.21125	11.753757	10.143792	9.849997	10.002587	10.453916	10.150368	8.787131	9.831801	10.598449	9.87792	9.894069	8.655371	9.366137	9.430499	9.707934	9.439625	8.977202	9.531835	9.794373	9.875042	9.576589	10.002587	8.677956	8.751107	10.792982	9.519668	9.402435	9.522714	9.494113	10.265404	10.749299	9.313384	8.029674	9.549297	10.400662	10.107717	9.696544	9.62523	10.010426	9.735894
IRAK3	7.903385	8.406848	7.901223	8.078832	7.746982	8.213358	7.580299	8.293552	7.79225	7.958301	7.718201	7.84665	8.374746	8.138082	8.348734	7.886242	8.471621	7.447293	8.881911	7.833996	8.149811	8.341697	7.916023	7.436435	8.742595	7.848848	8.761731	8.297378	9.062494	9.110282	8.289888	9.835863	8.156129	9.478101	8.309457	8.540711	8.898723	8.362409	7.918463	9.834264	8.407971	9.348989	8.153444	7.482561	9.473927	7.898634	8.072217	9.434327	8.919516	7.423625	8.748631	8.38302	8.624749
RPL31	11.694002	11.927344	11.846976	10.365417	11.946871	11.88341	10.959412	11.935604	10.946286	10.953009	12.508949	11.410193	11.076951	11.376954	11.849212	10.67689	10.078407	10.92571	11.976981	12.127795	11.899228	11.765064	12.018837	11.906367	12.095025	12.177093	12.081506	12.081506	12.056077	13.799218	13.015813	11.554147	13.108182	10.828861	12.954109	13.678396	12.71949	12.074949	13.217541	11.236338	11.116308	13.742141	12.940279	10.99309	12.215501	14.045314	11.728427	11.873476	11.976981	12.127795	12.094085	12.106064	11.60159
TPST1	8.600192	6.76273	6.318981	7.993311	7.177442	7.778946	7.150583	7.673554	7.540157	7.528224	7.310889	7.252532	7.357532	7.725361	7.683943	7.731469	7.157863	7.033559	7.354121	7.304095	8.10766	8.335782	7.703145	7.603265	8.082193	7.537526	9.144498	8.21523	9.306919	8.416827	7.712506	10.325115	7.642999	9.958672	8.242363	7.537736	10.202994	7.643972	7.410237	9.891445	6.939533	9.877766	7.379014	7.410237	9.87095	7.57956	7.202909	8.180004	8.424666	7.715275	8.041804	8.725387	8.396136
RALGDS	9.356171	8.941718	9.191907	9.59287	9.577737	9.748924	9.683981	8.819269	9.516224	8.136417	9.489683	8.705782	9.146025	8.955873	9.387437	8.106692	8.539461	9.558044	8.49328	8.570959	8.131507	8.125249	9.64206	9.844594	7.500688	9.252557	8.100541	9.303027	7.568486	8.400919	8.878646	8.332755	8.631414	7.604882	9.499622	8.678992	7.191687	8.433258	8.863992	7.888472	8.477602	7.47816	8.316057	8.83551	6.974829	8.848474	8.388392	9.002572	8.671023	9.05806	7.790839	9.189411	7.456052
CD96	7.623294	7.781834	6.513276	7.742813	8.276097	8.512641	9.32885	8.071144	8.663623	7.827042	8.369234	8.663623	7.811583	7.560968	7.947766	7.699829	7.884863	8.661197	7.612633	8.257011	6.52098	8.447235	8.571951	8.112401	9.010921	8.092747	8.487503	6.634954	6.4325	7.881655	7.874512	5.499066	7.661769	6.927793	7.139464	7.60672	6.506786	6.652664	7.752211	5.902128	7.670291	6.80725	7.041933	6.972899	5.7906	8.430986	7.198006	7.815024	6.599006	6.715424	8.566389	6.487484	7.103614
IL18R1	7.54638	7.171879	6.464747	6.994881	7.262455	7.375497	7.060292	7.115677	7.438725	7.719083	7.515797	7.361119	7.584713	7.0965	7.342877	6.868391	7.776505	7.305142	7.320819	7.221886	7.068351	7.364457	7.054321	6.470467	8.192995	8.167825	8.087535	7.61421	7.25102	7.472017	6.900121	9.210269	7.041462	9.682153	7.225322	7.931675	8.796339	7.230379	7.06332	8.760636	6.899551	7.736711	7.281041	6.608363	8.836612	7.606163	7.50899	7.754189	8.287283	8.213575	7.636364	8.102882	8.244665
RPS24	11.746316	11.947759	11.519074	11.0058	11.633588	11.644567	10.970942	11.54693	11.209264	10.711772	12.067039	11.332592	10.961445	11.388555	11.503121	10.895316	11.07207	11.165705	11.953232	12.064473	11.463355	11.596548	11.662765	11.511718	11.881394	12.011237	12.021629	11.613832	11.718364	13.52034	12.554885	11.463358	11.887403	10.842189	12.220885	13.181543	12.198907	11.828027	12.437139	11.333916	11.068734	13.27741	12.716729	11.233114	11.676447	13.692413	11.791157	11.577967	11.534646	12.156605	11.984768	12.220273	11.546522
UCP2	10.690498	11.168565	11.630582	10.753138	10.345429	10.572724	9.703927	10.919243	9.688607	10.42584	10.017247	9.966754	10.967755	10.771852	10.665198	10.572724	11.019258	11.192278	10.705141	10.138425	11.146572	10.312211	10.419228	10.991681	9.815997	9.578616	9.766103	10.324858	9.637803	9.645529	10.668775	10.192304	11.050219	9.648028	10.283081	9.34249	9.098514	11.485871	10.1952	10.1652	10.955093	8.31042	10.079551	10.939172	9.786777	9.504917	10.630135	9.82885	10.054269	9.575269	10.136343	10.262762	9.818698
CPSF1	10.004091	10.47985	10.183523	9.56916	9.787707	9.260958	10.650065	9.959601	9.622773	9.552762	9.08204	9.689281	8.413385	10.009784	9.0983	8.177429	9.538633	10.086419	8.313504	9.825901	9.089712	8.559757	9.883659	9.388586	9.472132	8.051385	8.073537	8.518652	8.173705	9.413346	10.051671	9.090838	8.510464	8.337845	9.251688	8.050178	6.885037	9.048612	9.2231	8.927425	10.378116	8.766625	8.218165	9.476563	8.08172	8.267221	8.419364	8.364557	9.458729	8.939185	8.436672	9.507836	9.699333
ARG1	5.554794	6.992853	5.544138	5.490677	5.721485	5.928365	5.712088	5.809595	5.823912	5.397925	5.552505	5.942519	5.650148	5.555019	5.774853	5.737855	5.847132	5.427071	6.100672	6.948528	6.817507	5.979249	7.329753	5.467745	7.192434	6.612937	6.969127	5.890144	5.850735	6.394325	6.702931	8.834051	6.589368	8.341176	6.463778	6.989252	7.366618	6.271763	5.692507	7.496188	5.416292	7.447988	6.021425	5.975471	8.209416	7.007752	6.462459	5.698793	6.153414	5.179787	7.50551	5.865287	6.794562
VNN1	5.963531	7.803603	7.550223	6.00276	6.87481	6.672274	6.00445	6.907832	6.417759	6.43702	6.337022	7.809525	7.335223	6.655749	6.93694	6.266775	6.872346	6.11839	6.332475	7.065011	7.578721	6.614033	5.935231	6.925882	7.640106	7.84793	7.563323	6.195605	6.479858	8.396243	7.189175	8.737492	6.870874	8.613836	6.512681	8.559462	6.721669	6.726096	7.970559	8.977413	6.199567	7.97224	8.026462	6.488638	7.995251	7.311344	6.187789	8.472888	7.379295	7.776246	6.098303	7.457015	7.699052
COX7C	11.402771	11.153177	11.542567	9.768625	10.827915	11.27758	10.300025	10.878584	10.010857	9.616141	11.129295	10.552657	10.310322	10.634422	11.201336	9.764935	9.84178	10.272959	11.12954	11.462362	11.321663	10.671381	10.750246	10.492473	10.675973	10.708546	10.5926	11.314065	10.906989	12.795899	11.865205	10.928107	11.884491	10.328069	11.697803	12.22222	11.512889	11.26254	11.878416	10.56983	11.039814	12.250212	11.605517	10.477763	10.986331	12.706259	10.608739	10.701807	10.856522	11.025653	11.520293	11.21008	11.007166
PASK	7.921082	7.648484	7.686689	7.158209	7.56315	8.233062	8.723671	7.968502	8.575253	7.800818	8.046151	8.110042	7.350314	7.288108	8.214603	7.555048	8.078312	7.473955	7.973763	7.415826	7.130572	7.791451	7.896837	7.02462	8.302757	7.260068	7.622688	6.51444	6.641362	7.317867	7.441787	6.054043	7.617798	6.877408	6.585623	7.676618	6.83983	6.644036	7.956694	7.155253	6.974066	6.994161	6.662358	7.757432	6.158184	8.908027	6.411368	7.663374	5.651444	8.042474	7.984325	7.73055	7.068648
CD4	8.62147	9.143762	8.68201	8.650182	7.342941	7.311658	8.213152	8.181132	7.984695	8.390807	7.526627	7.734531	8.11534	8.322849	7.795465	8.831344	8.778516	8.090656	8.2168	7.310329	7.280946	8.123537	7.555138	7.394625	6.672083	7.403687	6.99186	7.503724	7.246446	6.879974	7.473596	6.558197	7.449557	6.856345	7.544094	7.21574	5.775381	8.717046	7.736389	7.685882	8.515197	7.300027	7.256477	8.736547	7.368422	6.716125	8.342734	8.266846	8.220974	7.331309	7.300345	7.85562	7.930675
GEM	7.927622	6.119193	5.619102	8.615111	8.767394	8.071326	7.735391	8.154564	8.264605	8.154564	8.167282	7.655849	8.430782	8.261548	8.287742	7.781919	8.456794	8.516823	7.073153	7.91543	9.122012	9.02287	7.468953	7.475667	9.903034	8.764799	9.739744	9.394213	9.373831	8.497444	8.103913	8.350669	8.304798	8.284858	8.520081	8.02402	8.617592	8.718126	8.633208	7.99583	8.45558	7.848153	8.383563	8.541227	8.448991	8.410175	7.867336	8.510815	8.621679	9.08461	7.984465	8.786941	8.547069
INHBB	6.366058	6.338948	6.268882	6.619074	6.296415	6.649571	6.750203	6.620587	6.768771	6.54411	6.232928	6.78692	7.11814	6.641804	6.305696	6.79801	6.154869	6.403829	6.518717	6.094225	6.668536	5.873489	6.220301	5.536217	7.722012	7.348978	6.312895	7.403201	6.421854	7.189102	6.90916	8.731543	6.27075	6.994178	6.378819	6.31317	6.533473	6.012151	6.950757	7.419731	6.058033	6.654629	6.791414	6.829849	9.099786	6.787865	6.714069	7.920523	7.766478	8.158758	6.532382	5.706795	8.25684
OLR1	7.857263	5.793499	5.469092	6.608	7.307127	6.592168	7.645951	6.596258	6.727643	6.910997	6.365498	6.795511	6.652192	6.605281	7.218065	6.769008	6.871086	7.087083	6.847268	7.187812	7.499802	7.258027	6.515128	7.739189	8.012052	7.566091	8.020564	8.139553	7.625633	7.656258	8.823574	9.578611	8.973719	6.676979	8.541589	7.805938	7.133195	7.164295	6.077591	6.411024	6.946028	6.670875	8.142088	7.999892	6.824345	6.958228	6.773531	7.116682	7.953527	7.698709	6.970806	6.744785	6.920217
CYP27A1	10.253083	10.294851	11.047781	10.765798	9.015031	8.737051	10.261726	10.390176	9.952437	10.629375	9.655827	9.81626	10.851032	10.473834	9.211214	10.679092	10.293045	9.350701	8.964973	10.354665	10.116057	9.826922	10.5584	10.213741	8.974875	8.494457	9.15798	9.672794	10.203087	10.18369	9.57327	9.967876	8.477204	10.092802	9.849498	7.964298	8.887075	9.623619	8.387872	9.947599	11.315074	9.437859	9.853475	10.044094	9.401201	8.24765	9.69882	9.756289	9.456701	8.487923	9.219519	10.17842	9.68508
S100A12	6.252491	6.341364	6.363572	6.032189	6.41262	6.409464	6.126518	6.299929	6.65822	6.759561	6.850106	6.294612	6.345009	6.830944	6.703346	6.504126	6.520566	6.837997	7.736841	7.867454	7.358829	6.218999	7.52289	7.874868	6.885559	8.799507	7.908879	6.96489	7.390762	6.718914	6.458261	7.757463	6.334207	6.578649	8.394463	8.584563	9.116699	7.252335	7.029348	7.595073	6.322579	6.962505	7.635844	7.641676	9.111336	7.964949	8.524168	6.190606	7.356802	7.615063	6.179304	6.92209	6.030744
CAMP	9.527463	9.566958	9.588393	8.115445	9.133118	7.861761	9.689572	8.44277	8.040629	8.500889	7.6086	8.608311	8.416579	8.868948	8.585522	8.72573	8.303475	8.781402	9.652995	8.52003	9.440945	8.205892	9.586695	9.962432	9.250143	7.830211	9.324675	8.752109	9.521108	9.935249	10.939229	10.691097	10.743509	8.734292	10.614921	9.983859	9.784807	9.808112	8.70973	9.993387	10.033653	9.074694	9.738431	10.13235	9.059482	8.176103	9.061224	9.145826	9.97708	9.37903	9.274941	8.562872	8.234986
IER3	11.068278	10.894569	8.868333	10.505926	10.636082	10.525078	9.539422	10.881368	8.77303	10.69747	9.098487	10.912765	9.911082	10.220283	10.583996	9.865619	8.436086	8.361655	9.915717	9.504437	11.752347	11.684653	8.863748	8.724423	10.68068	10.75728	10.608566	10.630055	10.421385	11.726922	10.943846	11.666185	11.57396	10.319031	11.258749	10.654756	10.859927	10.501159	10.115774	11.215522	12.853683	12.528262	9.643803	8.940466	10.737421	9.856654	9.672963	11.829873	11.333157	11.243786	9.668462	9.226579	11.562518
RPL39	8.932168	8.836544	8.332125	7.094612	8.55488	8.765179	8.050548	9.109352	8.079681	7.537668	9.345611	8.340971	7.900169	8.626655	8.819482	7.722458	7.186109	7.577425	8.04244	8.052934	8.184181	10.018149	9.927572	7.715107	9.10388	9.347723	7.855804	8.819141	8.177689	10.072429	9.615484	8.395562	9.657405	7.350261	9.722969	10.223535	9.419282	8.989937	9.733001	8.090184	8.730932	10.118043	9.396663	8.071078	8.721998	10.303795	8.799832	9.500834	7.887198	8.669179	9.520194	8.542987	8.247149
TGM2	6.509022	6.442412	7.227514	8.854125	9.116637	7.768186	7.209382	6.511881	8.082401	6.784616	6.500242	6.524716	8.615046	7.768972	8.109411	7.781483	9.529148	8.754372	6.555253	5.783504	7.485069	9.409519	6.63318	6.641718	8.960942	8.543346	9.0111	8.856535	8.821994	6.955194	10.573002	10.77383	7.356881	8.257154	8.215265	6.899753	8.125704	8.829318	6.621304	8.468107	8.68497	6.633117	8.361223	8.647908	6.999539	6.863309	8.935337	9.531949	9.284952	8.129622	7.87397	8.5622	10.305415
TNFSF14	8.305079	6.473773	6.106033	8.26093	6.932936	8.574956	6.64376	8.028992	7.490181	8.105567	7.398337	8.355617	7.857971	8.418061	7.874988	8.448286	8.474781	6.636494	8.029381	7.858108	9.592413	7.975809	7.946905	8.224626	8.490013	9.206916	9.778799	8.830381	9.192696	6.736834	8.799933	9.255357	8.128633	9.919954	8.556248	7.112084	10.264	8.270001	8.019589	9.540169	9.301523	8.438209	7.892447	8.708882	10.363998	6.813511	7.955641	7.412802	9.960038	7.980081	7.277669	8.293066	8.053963
