id	SVM	glmBoost+SVM	Ridge	Lasso+SVM	glmBoost+Ridge	Enet[alpha=0.1]	glmBoost+Enet[alpha=0.1]	Enet[alpha=0.2]	Enet[alpha=0.3]	glmBoost+Enet[alpha=0.3]	glmBoost+Enet[alpha=0.2]	Enet[alpha=0.4]	glmBoost+Enet[alpha=0.4]	Lasso+glmBoost	Enet[alpha=0.5]	glmBoost	glmBoost+Enet[alpha=0.5]	Enet[alpha=0.6]	glmBoost+Enet[alpha=0.6]	glmBoost+Enet[alpha=0.7]	glmBoost+Enet[alpha=0.8]	Enet[alpha=0.8]	Enet[alpha=0.9]	Lasso	Enet[alpha=0.7]	glmBoost+Enet[alpha=0.9]	glmBoost+Lasso	Lasso+plsRglm	glmBoost+plsRglm	glmBoost+Stepglm[forward]	Lasso+Stepglm[forward]
Train.GSE10500_GSM265436_Control	0	0	0.0695518733265145	0	0.0186606924292902	0.0493946804535625	0.00382442366210697	0.0291245455240817	0.0212679241126983	0.0131458474187342	0.00917612039841946	0.0157083566259368	0.00819693841632437	0.0110594133447711	0.0125483858236326	0.0117517316221641	0.00215318219980279	0.00568126181754299	0.0106067594829886	0.0146897614916947	0.00153962411966732	0.00359818321445121	0.0211993888304671	0.00161855517264184	0.012078777641359	0.00328561742822865	0.00715731205120545	4.4578382452409e-05	2.72622358206565e-05	2.22044604925031e-16	2.22044604925031e-16
Train.GSE10500_GSM265439_Control	0	0	0.0926760658205261	0	0.0550875611115743	0.0842972178296008	0.016843986840739	0.0674099293685318	0.0577608367324844	0.0431285079500352	0.0329281852226605	0.0470553190145383	0.0303323968217432	0.032720219767914	0.0408017987329144	0.0333163641022936	0.0107831257605035	0.0228341173564574	0.0367213601885939	0.0466265959167962	0.0081469388920097	0.0157640257549786	0.05923991530415	0.00794641061289924	0.0402721267506407	0.014348062680256	0.0251973480761907	0.00264820414992467	0.000473199744576152	2.22044604925031e-16	2.22044604925031e-16
Train.GSE10500_GSM265445_Control	0	0	0.0368778622805251	0	0.021389181557391	0.0346442544779177	0.00367595512400532	0.0250954559673158	0.0200553351704905	0.0141854535375	0.00967798069725866	0.0148230114968959	0.00794525342311623	0.0089671797278045	0.0117489070586918	0.0112785906565141	0.00153507113875791	0.00453468423845882	0.00971104602075632	0.0135693098735838	0.000795706298791543	0.00215864185012485	0.0195214984639287	0.000808999015518442	0.01059960938319	0.00189887168840465	0.00496771111324738	4.19778855605005e-05	5.2464437413769e-05	2.22044604925031e-16	2.22044604925031e-16
Train.GSE10500_GSM265020_Treat	1	1	0.758314627085039	1	0.764044469662036	0.733756407777207	0.800768487075294	0.735301735338953	0.739214869002426	0.760168299598978	0.774869159239783	0.749493352117452	0.775557305159047	0.714300257565734	0.75890116766873	0.690081858280837	0.819850648259129	0.792860415748385	0.768023060810818	0.75618247865495	0.841563441870594	0.818221197744725	0.740626923016128	0.828666702593313	0.765880449331725	0.814014925379868	0.781024060067118	0.981984696062002	0.965106839418037	1	0.999999999999903
Train.GSE10500_GSM265036_Treat	1	1	0.982154795397403	1	0.994862506685162	0.986091813666107	0.999292765199732	0.991734591237298	0.993951837968781	0.996176616907263	0.997710200403079	0.995506711654823	0.997824753611262	0.992823517505658	0.996248127751189	0.992654271899778	0.999594916920546	0.998503842523759	0.99664101457228	0.99459166570222	0.999687401358973	0.999075407957981	0.990507894916104	0.999681747083514	0.995805710141555	0.999188192929869	0.997830393282325	0.999985964479001	0.999998997893964	1	1
Train.GSE10500_GSM265361_Treat	1	1	0.981844824644634	1	0.993601683278403	0.984804989852661	0.999113028732495	0.990426479407957	0.992736598241619	0.995391133002965	0.997184645055869	0.994605676966351	0.997402310885908	0.992428394174193	0.995589318575784	0.992349613945606	0.999521009432393	0.998271545771257	0.99614195869982	0.99394073513634	0.999641142043565	0.998955489249809	0.990019777257914	0.9996298139086	0.995288651716563	0.999066817166098	0.997632201025713	0.999973459751639	0.999997645493796	1	1
Train.GSE10500_GSM265363_Treat	1	1	0.858734131989606	1	0.896486965919072	0.872063976042857	0.951858353195283	0.888802103563758	0.896128549148084	0.913796515531693	0.92674583432567	0.90957511199783	0.932193094872008	0.908911006458846	0.918987947414831	0.896579102257395	0.965546139773193	0.945702801287736	0.926209051624268	0.915978922213796	0.973787621906352	0.96021985834504	0.904164494641699	0.975574175293005	0.923781335123409	0.963890772861579	0.946390965627582	0.994510614691333	0.994359770602478	1	1
Train.GSE10500_GSM265366_Treat	1	1	0.806535129005935	1	0.789353784277555	0.802198993022568	0.855382388437229	0.804565410135981	0.805476058741599	0.821093615883814	0.830125647850408	0.81835742624158	0.840633280020648	0.82727810426787	0.829690124301575	0.829922548264186	0.876439039016327	0.8552597873702	0.838402352682829	0.831347670611196	0.886263782419911	0.868926501619398	0.827157576134479	0.891586208618098	0.837036481606537	0.874675937401249	0.86143950790601	0.872027990291915	0.95158686653094	1	1
Train.GSE15573_GSM389705_Control	0	0	0.049153430905955	0	0.0242364699923184	0.0399439851206676	0.0059828059122004	0.0273419956273023	0.0229921261320737	0.0189010363339618	0.0133977396138742	0.0191041178049621	0.0123372094814178	0.016205648342132	0.0169852713689778	0.0184446731062894	0.00352661908188965	0.0087075267062641	0.0157861636592605	0.0214907744321193	0.00235913176839499	0.00533923711496834	0.0311301929785015	0.00240670444037926	0.017774824640651	0.00478331130641694	0.0106178421320426	7.31601904750614e-05	3.45267740134108e-05	2.22044604925031e-16	2.22044604925031e-16
Train.GSE15573_GSM389707_Control	0	0	0.0773873135394059	0	0.0524117159069233	0.0670956036026757	0.0187083084171293	0.0554298227267891	0.0522286986889937	0.0474887128893266	0.0355597048952942	0.0485282012161139	0.0361633046519729	0.0551562932376972	0.0472685368748997	0.0549244224501111	0.0149800945009764	0.0311727079619914	0.0478536790184804	0.0631664229262174	0.0137164221492418	0.025210205874831	0.0903054033610024	0.0145585623031333	0.0553661354835978	0.0239664501090634	0.0429209767111584	0.00121625364198275	0.000255459711456694	2.22044604925031e-16	2.22044604925031e-16
Train.GSE15573_GSM389709_Control	0	0	0.405809524110717	0	0.311411193295269	0.381907102808107	0.23116300371114	0.350101912404488	0.332064470615825	0.299233690894862	0.277574926505486	0.314416084089921	0.274138729415496	0.279513166988976	0.301316167620427	0.290729242273577	0.20462549500168	0.254992524132246	0.291411561824458	0.312869327600162	0.187932397227808	0.229702234977882	0.343975801208991	0.193873841422426	0.300390238129543	0.22662554489147	0.27715185264988	0.0630908896227925	0.0933615556325749	2.22044604925031e-16	2.22044604925031e-16
Train.GSE15573_GSM389710_Control	0	0	0.0239058134090141	0	0.0106366833116529	0.0208846324497542	0.00212101670122618	0.0150421428481844	0.0127447273795728	0.00883725045967885	0.00566485152549807	0.0104037496188261	0.00574856999454125	0.0124929022395206	0.00927098767579574	0.0113561715327579	0.00152245312026958	0.00459802536643376	0.00881662462278619	0.0135255706921097	0.00143142038000207	0.00348788956238765	0.0228179663069696	0.00157159861247066	0.01105719521383	0.00327218244140645	0.00728191076837113	2.06418532640518e-05	2.4038707694515e-06	2.22044604925031e-16	2.22044604925031e-16
Train.GSE15573_GSM389712_Control	0	0	0.239342623109886	0	0.228946455634734	0.228088968014243	0.131760282234114	0.199838616738859	0.185303891843014	0.189293657969626	0.173217474146919	0.172329886374703	0.156916564522634	0.124456599999595	0.164355725252049	0.130121391152801	0.094488016248335	0.128361862223677	0.159021430844595	0.169664624908673	0.0725434910798643	0.0987606017000987	0.173683969323741	0.0666462321276975	0.158960003802633	0.0907120137822471	0.114750433712634	0.0477994029931685	0.0377572564816337	2.22044604925031e-16	2.22044604925031e-16
Train.GSE15573_GSM389713_Control	0	0	0.0728617991823974	0	0.0384421703616187	0.0616522590380926	0.0105890592964199	0.0452256082447627	0.0381944524267945	0.0294025634248939	0.0218313946977842	0.0312918453277152	0.0199970556052028	0.0242650386783736	0.0272893225428741	0.0240234677336594	0.00662525874381283	0.014864098316107	0.0248683524622908	0.0325891548434846	0.00515031324411004	0.010352168798501	0.0434966233082097	0.00530336184649503	0.0277724143701964	0.00958273074111624	0.0175784646179416	0.000275930110868703	0.000157958218824449	2.22044604925031e-16	2.22044604925031e-16
Train.GSE15573_GSM389715_Control	0	0	0.211344401092061	0	0.175587261761499	0.198274003233796	0.104378736080481	0.171814991194477	0.160694204166746	0.152826629678968	0.137554897543285	0.149771641205309	0.131204440446843	0.116291841047988	0.143472260131103	0.111403624431462	0.0860239539000873	0.116618123349735	0.140286641394017	0.152900978353372	0.0776283765018592	0.101798594003045	0.162057271463385	0.0765665105597549	0.144878634523405	0.0977385795974846	0.117942268670394	0.0171824131093512	0.0118081530780434	2.22044604925031e-16	2.22044604925031e-16
Train.GSE15573_GSM389718_Control	0	0	0.116339091335825	0	0.0800459295233701	0.10855609177129	0.0312622501853475	0.0929904497069547	0.089349909482299	0.0767464362476332	0.0579939800335197	0.082433914316705	0.0596139225625919	0.0970380152622634	0.079181228973884	0.0970228647716839	0.0249925075878042	0.0516777093459605	0.0787392378120656	0.103528557485883	0.0233506548022024	0.0424904641509286	0.148443660764021	0.0266318438615762	0.0910690798494643	0.0420493537621141	0.0750907599638297	0.00192174714530362	0.0011165216131866	2.22044604925031e-16	2.22044604925031e-16
Train.GSE15573_GSM389720_Control	0	0	0.162437941371958	0	0.0977697411923421	0.133980391240675	0.0381923258227765	0.0999510502587672	0.0826675513813786	0.0695232155864903	0.0599484967251003	0.0689521989325911	0.0516414043544525	0.0382048107395745	0.0598963907305568	0.0385779355689483	0.0243247894999882	0.0389442372902712	0.0534285681016264	0.0590476650836578	0.0180723022376455	0.0278602130513308	0.0593047728068285	0.0157698636948702	0.0537141072504615	0.0246546460657791	0.0327638565118333	0.00285611489855253	0.00280338145431385	2.22044604925031e-16	2.22044604925031e-16
Train.GSE15573_GSM389723_Control	0	0	0.270658570950885	0	0.302271384087702	0.267931654400131	0.187389296282316	0.247346373620833	0.237243696305115	0.249677838022632	0.234443476664152	0.222955460799725	0.20987872243948	0.152244775178807	0.213738633669067	0.158636655957364	0.13180059807515	0.171077228616226	0.207106326338548	0.217006050440792	0.100682549049247	0.13257298807074	0.218475867049436	0.0957353513546991	0.204704136634863	0.124574832909195	0.153394027469066	0.121122103462178	0.144889786842614	2.22044604925031e-16	2.22044604925031e-16
Train.GSE15573_GSM389725_Control	0	0	0.157957804385848	0	0.108122614386921	0.135552612016365	0.0495075485501414	0.108548922234113	0.096492516947523	0.0884160427865217	0.0752764718736309	0.0848639023327329	0.0678058370652625	0.0550775319624211	0.0774222095298712	0.0603307758099555	0.0321707941681171	0.051438156666104	0.0719959224469703	0.081678772025171	0.0222353419605919	0.0353170712662924	0.0902559405955858	0.0222053448916049	0.0733715075063855	0.0331142543570532	0.0498496055270775	0.00236689691418597	0.00265159203401744	2.22044604925031e-16	2.22044604925031e-16
Train.GSE15573_GSM389728_Control	0	0	0.0579948896532788	0	0.0223643558257748	0.0428986508298406	0.00459429598365716	0.0291499406055903	0.0241423199617461	0.0170541321410613	0.0115255001607102	0.0191705414642983	0.0107993034815814	0.0186951746082776	0.0165118983212874	0.0203017842747588	0.00274021605086323	0.00778182420731372	0.0150086494434767	0.0219745223448033	0.00211314017148781	0.00513185044562539	0.0361074529686866	0.0024110286952005	0.0178495857892977	0.00487421329186602	0.0118002774586722	0.000104881981585058	5.25127576099482e-05	2.22044604925031e-16	2.22044604925031e-16
Train.GSE15573_GSM389729_Control	0	0	0.0723762999660372	0	0.0313128202735531	0.0599285289394252	0.00723080750280188	0.0400513909778753	0.0317589357499268	0.0231623947086123	0.0165590764109095	0.0251060777552803	0.0151130079182451	0.0199538397680978	0.0214976569170957	0.017652984882947	0.00442729460295009	0.0110794037456216	0.0194253112023509	0.0260592346659606	0.00360060003997617	0.00775063315058164	0.0333257248534471	0.00337605866599637	0.022015075543898	0.00688891498603026	0.0119326563554528	0.00075114105755352	7.51641854149668e-05	2.22044604925031e-16	2.22044604925031e-16
Train.GSE15573_GSM389732_Control	0	0	0.0488686568103387	0	0.0180053067992874	0.0398272606286745	0.00597171398114559	0.0284329085301723	0.0242942222887512	0.0172709222699839	0.0121030410426454	0.021407628860475	0.0135087329556609	0.0293527883069694	0.020564183951628	0.0252091735126963	0.00597401650377457	0.0133994303654206	0.0208446934259759	0.0307249045443183	0.00741755981509292	0.0135284148743702	0.0551566070432591	0.00977271972183822	0.0267072196394479	0.0143573452068052	0.027565609558295	5.08695395820666e-05	7.49352228128334e-06	2.22044604925031e-16	2.22044604925031e-16
Train.GSE15573_GSM389734_Control	0	0	0.0259561762556241	0	0.012636329268195	0.0220895906162369	0.00247334139934822	0.0159923280242993	0.0138958102577084	0.0104299074888307	0.00668787975704692	0.0115230501744476	0.00661992235912337	0.0127780081121108	0.0103722404018563	0.0117017953618829	0.00162398177720789	0.00502331035846885	0.00993057055437539	0.0151827801688385	0.00141253353397244	0.0035738747949302	0.0251119142574411	0.00159011016779566	0.0122852008235167	0.00338893615877436	0.00771169579515274	3.47824298439823e-05	5.03198065045065e-06	2.22044604925031e-16	2.22044604925031e-16
Train.GSE15573_GSM389703_Treat	1	1	0.928824222343811	1	0.961883802538117	0.939308104008061	0.985501563085938	0.951357839680484	0.953601363047951	0.964668081456733	0.973438390363855	0.959132829860695	0.972816394215682	0.936787095077383	0.962367102664318	0.939692086784308	0.988044571355003	0.976202666267635	0.963959203917654	0.952073940312156	0.988166537654466	0.979528390849229	0.930165537676289	0.985707126161571	0.95799387127123	0.978926081103157	0.964178971533753	0.999352416286556	0.999820702905002	1	1
Train.GSE15573_GSM389704_Treat	1	1	0.842348112341737	1	0.861240158117714	0.852345702776934	0.859620106543727	0.859043366189143	0.856888001746583	0.844610404079752	0.853489720554417	0.846252475051465	0.836004151716518	0.760091985941803	0.831898258237522	0.779533895696676	0.816017602990902	0.810563157726598	0.815132520889896	0.80442809872169	0.770347366322584	0.77580133045339	0.784970226003448	0.752339228401852	0.802903192679205	0.766192505374229	0.767667421311572	0.99633430848809	0.997248727354493	0.999999999517713	0.999999999405015
Train.GSE15573_GSM389706_Treat	1	1	0.998307992839052	1	0.999320180651923	0.998578429118956	0.999966395487389	0.999253424644875	0.999465964154631	0.999671685768829	0.999827885933191	0.999668502877664	0.999873855210197	0.99970722869745	0.999767932221495	0.999636892956717	0.999990787229065	0.999946393230542	0.999823106077081	0.999704039046244	0.999996282395607	0.999982138917122	0.999550122566731	0.999997065424866	0.999796983004896	0.999987151506132	0.99995291615064	0.999999987197838	0.999999993998172	1	1
Train.GSE15573_GSM389708_Treat	1	1	0.751703981212743	1	0.813246833513421	0.780746945703418	0.87732072560132	0.811012976869737	0.825981876528455	0.839043553687327	0.850048790423499	0.83962666414542	0.85864514141805	0.841449923336038	0.84823296233986	0.848818780070751	0.896639312900077	0.872892568652929	0.854395336113415	0.846021067980411	0.90341125574268	0.885006438957829	0.842906868373279	0.904875982050219	0.852221168187168	0.888035426083557	0.876455678920662	0.948458170041657	0.968263803955558	1	1
Train.GSE15573_GSM389711_Treat	1	1	0.963046624897658	1	0.961785603600923	0.956276181598193	0.990764178294047	0.959961532850526	0.959937051362901	0.965952673277448	0.977046220442772	0.965011719948561	0.977758620490501	0.934552235145367	0.968061936579634	0.930178358227991	0.994352698029005	0.984079973538621	0.969601692776072	0.957080439434598	0.995854719999556	0.990058647556617	0.93884607767309	0.996222756552199	0.964853303310825	0.991424059689321	0.982162091902252	0.997515245792625	0.99982696821422	1	1
Train.GSE15573_GSM389714_Treat	1	1	0.950779013202895	1	0.976670892128797	0.958033844372189	0.992528274864824	0.970073584238183	0.975498910450348	0.98136547237534	0.985878785461534	0.979333596502218	0.986252597044786	0.974028292716487	0.981336330887397	0.975195691767251	0.994105490928816	0.988333566698265	0.982417059098302	0.977224737245913	0.994383666723485	0.990313336827856	0.96907228477778	0.994204164000004	0.979969718117873	0.990839158610681	0.985036378926442	0.999798347663692	0.999948657024903	1	1
Train.GSE15573_GSM389716_Treat	1	1	0.984390004318224	1	0.992020397402782	0.987115094014085	0.998175150258591	0.991017258410477	0.991813273598736	0.992666836010392	0.995324642294816	0.992481668239399	0.994966560138364	0.981223225769777	0.992461832583056	0.982693162400344	0.998492781735407	0.995653479841403	0.991965022145663	0.987477475718932	0.998444651735769	0.996420001355351	0.977502877968252	0.998209432397636	0.989676519743117	0.996538709730653	0.992349400965517	0.999966139860451	0.999998515264761	1	1
Train.GSE15573_GSM389717_Treat	1	1	0.989137800683173	1	0.990481595289983	0.985441242384895	0.997198022393151	0.986100372449966	0.986172524259324	0.990071542777831	0.993498384551899	0.987589772499825	0.992422875663379	0.972669083993666	0.987972927604259	0.977449197819007	0.997074179409865	0.992537844308333	0.987700637009204	0.981528836792765	0.99647854462818	0.992953365775374	0.969522062562837	0.996483921813617	0.98415110657394	0.993473176584021	0.988260646805226	0.999837773236459	0.999999127632276	1	1
Train.GSE15573_GSM389719_Treat	1	1	0.784606766474616	1	0.833967199239484	0.816664920452305	0.910826960974839	0.84316318780158	0.852790049624085	0.862148634775995	0.87718816035359	0.864117735588215	0.884860273337312	0.843144149362884	0.871491604100619	0.840372784552892	0.928572938814213	0.899421963299993	0.876011771784577	0.862940075336288	0.935638164941716	0.913955411861491	0.848632063510487	0.941074939974236	0.871242095270812	0.921130509779263	0.899887255301805	0.945585322275149	0.970483853619573	1	1
Train.GSE15573_GSM389721_Treat	1	1	0.718869586982664	1	0.839258809321481	0.766322462081319	0.903353878016392	0.811291321233158	0.83478430086702	0.858472013896535	0.872955760170639	0.85186526984561	0.879528761338434	0.837237297764242	0.863424060400035	0.822595053487805	0.922834590738469	0.89572465849917	0.872145986643406	0.859804909966404	0.934414704742763	0.913371269195229	0.843296524308931	0.932167289770346	0.868612916304273	0.915684253163049	0.888310469241318	0.989076548771048	0.976676128944076	1	1
Train.GSE15573_GSM389722_Treat	1	1	0.993109174538452	1	0.995286129101907	0.993324942185616	0.999191899550201	0.994668395857938	0.99477881951068	0.995659499586058	0.997467262853959	0.995352529535298	0.997296653048686	0.98736071787477	0.995543710407772	0.987706328258333	0.99941639692126	0.997881201022191	0.995435610549075	0.992389864172384	0.999462026024415	0.998491134626933	0.985587036077332	0.99940290577267	0.994024215216004	0.998597457465971	0.996356567090114	0.999995319628809	0.999999700992143	1	1
Train.GSE15573_GSM389724_Treat	1	1	0.471319495381658	1	0.558069172666173	0.509043629499211	0.605877595552418	0.53991240659465	0.564155312128273	0.579375087795898	0.5842557147302	0.579048507667136	0.600527569164066	0.61452808607434	0.594199299024826	0.608790570521241	0.650692868518953	0.629165241764071	0.609407864046602	0.609492833150254	0.687597838444887	0.663973826498921	0.62128943841195	0.70295083135359	0.615742705604652	0.675457106898317	0.663657118679754	0.444252811160739	0.449685875775666	0.999999999755186	0.999999999715034
Train.GSE15573_GSM389726_Treat	1	1	0.984759114964959	1	0.99005885001718	0.98590867561521	0.997933477863489	0.988896016953644	0.989138537585286	0.991168720896254	0.994429320883081	0.990390156641112	0.994172043472019	0.979232475346737	0.990847823891731	0.981715120788817	0.998443474129248	0.995204766691408	0.990724996994074	0.985356641117805	0.998416497719711	0.996172560537188	0.973931196772221	0.998142960968267	0.988083820309352	0.99625399509383	0.991688137235642	0.99991006518418	0.999995802672859	1	1
Train.GSE15573_GSM389727_Treat	1	1	0.843849079049414	1	0.918724692788671	0.867097606245329	0.9609946046208	0.898069388016947	0.913241738406673	0.931059975085973	0.941769777259363	0.923966332817075	0.942987928021209	0.901897470384545	0.93002992307582	0.908000795338153	0.965881240749716	0.947765686268818	0.933451703703608	0.922157920875234	0.965057643369086	0.951481660550496	0.907550080410219	0.964876686458912	0.927578781779492	0.953347206539553	0.939531029604176	0.993760133555907	0.998038163084045	1	1
Train.GSE15573_GSM389730_Treat	1	1	0.457089133922634	1	0.492727260445207	0.504142886126434	0.56043114816503	0.544306905585009	0.578317927796766	0.56361133758367	0.552830203917332	0.59769688446974	0.593943312451204	0.647210016784735	0.613813861924814	0.61459416660988	0.640572891294443	0.640918749291927	0.62975354410128	0.64661186602144	0.698673877419829	0.688408067856567	0.681681311397329	0.717203814509618	0.649884092863988	0.700475480199677	0.698021381570352	0.507427338042868	0.139798708389284	0.999999999688654	0.99999999978265
Train.GSE15573_GSM389731_Treat	1	1	0.996372002947372	1	0.997295950981446	0.995873259469687	0.999704158205134	0.996674719301081	0.996834742450385	0.997775720189424	0.998814214195897	0.997458987507571	0.99879842624848	0.993858114024372	0.997757328306316	0.993654750248007	0.9998285727351	0.999177160614017	0.997862420566725	0.996120490676018	0.999863367500808	0.99950782316864	0.991889448090557	0.999851988833818	0.997129733606338	0.999561912169072	0.998557165241493	0.999996380374534	0.999999871986732	1	1
Train.GSE15573_GSM389733_Treat	1	1	0.8061998053779	1	0.876037491336369	0.826359222733151	0.924344580521125	0.861703587152356	0.880601906778751	0.898195401173171	0.905879072164887	0.896044242107095	0.914929476945991	0.912550334004792	0.906918736479842	0.898824619456645	0.944168382524493	0.930627329565516	0.915913351806069	0.911488199268162	0.958940005379198	0.94760703503565	0.90748861140484	0.959203951441166	0.9172055308861	0.950104373911033	0.934750413233783	0.995917227050412	0.992856752467395	1	1
Train.GSE15573_GSM389735_Treat	1	1	0.824102298383832	1	0.911958410952469	0.848567529794346	0.958425075387551	0.883125699688512	0.901863314161612	0.920998545878664	0.934924370905152	0.912266745795327	0.934540019909214	0.885903525484006	0.91775618463873	0.895358947495633	0.963244597951033	0.939723244759719	0.920604111584635	0.904372356306044	0.961630539552485	0.944185368969111	0.882563532522163	0.960157089432986	0.911942240142122	0.945020909776591	0.926342426933439	0.96944113565843	0.99731859290376	1	1
Train.GSE7669_GSM185531_Control	0	0	0.540905589862015	0	0.392132735955919	0.517866821730044	0.366461031533514	0.485553377834619	0.465330329852178	0.427620550115155	0.403044543398446	0.459938305720443	0.424903347371889	0.489619639733125	0.459822001577191	0.502405459132506	0.384293393486052	0.43463503780485	0.461555944092629	0.490711111270948	0.394091824759708	0.434569778267345	0.548003236457984	0.418961197050467	0.481518520028569	0.440168937041997	0.504220059134093	0.1038903516509	0.134253256263909	1.2391408340439e-10	2.22044604925031e-16
Train.GSE7669_GSM185532_Control	0	0	0.447016599416351	0	0.428840770496424	0.435368554585842	0.393335566152656	0.434816890820665	0.433073885409536	0.424468215184002	0.415162928044193	0.426774872187031	0.41131907856239	0.383096452335981	0.421032436604416	0.39104505159675	0.370586605122304	0.396055712157144	0.415532131843878	0.423489733774233	0.357405121994186	0.378641218388531	0.43133156576029	0.37686037995941	0.416782381559739	0.387266439037824	0.410728873409861	0.0596599725141256	0.252015381308172	3.46425776437949e-10	5.56465163340663e-10
Train.GSE7669_GSM185533_Control	1	0	0.666649269118536	0	0.557958689862754	0.602640294381904	0.491825575479432	0.56035497718256	0.529169867233579	0.490282254465962	0.50095283608841	0.491495105432686	0.459316920542364	0.29223163170404	0.455372729385163	0.296104341008495	0.408094527036042	0.409275219622953	0.420301428782452	0.398926660866845	0.339188312587996	0.35337628608834	0.340054419190638	0.289277762896961	0.396729382701626	0.325849233034336	0.306672170875987	0.723317626238864	0.703887318498609	3.83572018893365e-10	3.65274272796038e-10
Train.GSE7669_GSM185534_Control	1	0	0.604997743784892	1	0.552735405689049	0.606289342740781	0.516197727097746	0.593355458656753	0.580080811482493	0.558559870626529	0.545008595887021	0.575315512725251	0.551527992186002	0.565975333967471	0.572715622272297	0.54885584328593	0.51416978689307	0.554065802821717	0.573181119518534	0.592188820558987	0.530066318901221	0.560258639294293	0.621896036730669	0.544497801591402	0.586882612271143	0.565363987497901	0.592221982271041	0.901963793253643	0.635945129101696	5.15199646230612e-10	7.28830982468494e-10
Train.GSE7669_GSM185535_Control	0	0	0.166199813148217	0	0.11215952263626	0.131132054679935	0.0414834289070437	0.102703360038984	0.0881844888940355	0.0810578880640742	0.0683385024300972	0.0737620156417472	0.0561626583147561	0.044064575638201	0.0640279645840469	0.0522843554617971	0.020935096554887	0.0367064402900687	0.0566597278386368	0.0645208132723426	0.0123085122095477	0.0215574040442887	0.0701073394214562	0.0128863543916277	0.0560650781724633	0.0204446106463894	0.0338522275213074	0.000506918209201301	0.0059882795844217	2.22044604925031e-16	2.22044604925031e-16
Train.GSE7669_GSM185536_Control	0	0	0.193278807611208	0	0.17661596166942	0.181487038579548	0.137810585483271	0.177855430377101	0.18418069362169	0.182708114884997	0.164935320315956	0.18698709524949	0.174789660909763	0.202976156538186	0.192079614113765	0.189509039050057	0.147816815886788	0.180159510292053	0.199584039918353	0.221561485294767	0.159921463733758	0.183782971407289	0.257821005837693	0.163447470289988	0.214369975795152	0.181878224728752	0.211035776757973	0.0119991802472759	0.00331702572419543	6.72154391740877e-11	2.22044604925031e-16
Train.GSE7669_GSM183695_Treat	1	1	0.738622158206976	1	0.824226477238268	0.764881940242854	0.882208396416361	0.787697999395229	0.79963172024636	0.843048104529626	0.855044529025511	0.824599532558696	0.865681567257338	0.83547475437214	0.84694367237274	0.811175884965438	0.910899419163525	0.888797642015622	0.866024702053053	0.859258786434296	0.931117247639242	0.913576088557156	0.854701569032102	0.928212254286789	0.867901817149651	0.914886290235858	0.892549987921826	0.998566053330473	0.979289764499268	1	1
Train.GSE7669_GSM185526_Treat	1	1	0.878953433280452	1	0.940149769032906	0.892032673855039	0.976340517216682	0.916699197666497	0.932328001716937	0.949074552264533	0.959437576399726	0.94271549674766	0.961414956237526	0.932670547364045	0.949719734109237	0.929231973397562	0.982732399802772	0.968931765015147	0.954669745977474	0.945030192429955	0.985878941725091	0.976730032189632	0.933207547048951	0.986543567166705	0.951197536526414	0.978720493155628	0.967156935694623	0.998765928591021	0.999362014820414	1	1
Train.GSE7669_GSM185527_Treat	1	1	0.566428284846409	1	0.599383233571748	0.570009639319109	0.62664148288279	0.584584230912919	0.597880175006424	0.590512498912499	0.603983321052714	0.596846304719203	0.599654845050613	0.485380251851853	0.591003125211538	0.471367599098625	0.632346378223775	0.605004525154463	0.584738797896176	0.56865021836089	0.639502567041666	0.617036249328258	0.53649962385169	0.635963056628842	0.576327861410456	0.619902015070347	0.583256265420051	0.611476103395669	0.73683441919782	0.999999999470983	0.999999999439302
Train.GSE7669_GSM185528_Treat	1	1	0.70255191891464	1	0.732679057740569	0.731107004576878	0.811244377356322	0.761164376596815	0.772961023577103	0.778069027520829	0.78421536592812	0.788131657152201	0.804329170846228	0.814649692363722	0.801183083144942	0.811592025263226	0.851252701172819	0.831321871440108	0.812351107686365	0.81140553901554	0.874582635694035	0.857233711827339	0.823350370592898	0.884434029816815	0.817559422307842	0.864516824334641	0.857411556777522	0.797444619204021	0.87588428474862	0.999999999982626	0.999999999966293
Train.GSE7669_GSM185529_Treat	1	1	0.816139586035141	1	0.837056048530851	0.83619785889218	0.90733755580276	0.849207532520795	0.854982206565474	0.862180267550314	0.87588808215774	0.866510913085379	0.883471077748842	0.847524605436613	0.873132992065915	0.857403576686914	0.924841110217414	0.898038252461712	0.877019457399326	0.867169180768236	0.930372585769734	0.910854895397896	0.866659956097152	0.936265893234496	0.874162440970123	0.916243380422409	0.907233864738139	0.918708462222275	0.983888446066671	1	1
Train.GSE7669_GSM185530_Treat	1	1	0.810358517626234	1	0.828339931853898	0.803971326346689	0.864871599158464	0.796656479780034	0.775671638816984	0.780553048970304	0.817165033945916	0.762235300247637	0.785531988305415	0.525235838449132	0.745426713099121	0.525501789214047	0.838389163761559	0.767803751094617	0.725095501753935	0.672477180615972	0.807714883412915	0.755368507854675	0.573835393472013	0.775646343562386	0.688832470501941	0.74275758222919	0.660502914581415	0.976991606239029	0.992792887753935	0.99999999996054	0.999999999920084
GSE118958_GSM3354765_Control	0	0	0.195228108298523	0	0.0823765326508271	0.159730048137534	0.0370456929993349	0.107605466276797	0.0765502522551449	0.0597029136406832	0.0529630503520566	0.062241963932484	0.0456326575319754	0.0309564849558717	0.0527332929737656	0.0318209910494426	0.0242479195434337	0.0348151755705695	0.0456971029306137	0.0492887876387077	0.0178400806395064	0.0253866978478821	0.0491036449538427	0.0172815516175114	0.0452343102770149	0.0237526564351412	0.0307584606620535	0.000291092351760944	0.00114630294669996	2.22044604925031e-16	2.22044604925031e-16
GSE118958_GSM3354767_Control	1	1	0.743424670261058	1	0.771300154971894	0.754787213412573	0.787452233083794	0.758884007892544	0.75220694175293	0.748841729100391	0.765904813800954	0.741892183022395	0.740537286711623	0.578207297767877	0.72471416394655	0.63565030863923	0.729973358463319	0.702643795721301	0.702231719167773	0.679892591691233	0.649677948322702	0.644264503202697	0.650085766587534	0.645514176512136	0.678408989559241	0.640204837810158	0.652977217458558	0.780711241845478	0.981798769944555	1	1
GSE118958_GSM3354769_Control	1	1	0.922759698718144	1	0.969002782894922	0.939850993911218	0.990943953207963	0.957571371481949	0.964701596984786	0.973361933980694	0.980829038375354	0.969874568102096	0.981218826957257	0.955966798557652	0.973143137026344	0.953655708886267	0.993576413019845	0.98521247134696	0.975187934175497	0.966465865187732	0.994561443821238	0.98925914250874	0.952154414087568	0.994480839224618	0.971535066703325	0.990037176597644	0.981237794384261	0.999673613304537	0.999888113502111	1	1
GSE118958_GSM3354771_Control	0	0	0.346525236329565	0	0.325821771251323	0.34636000215441	0.24175003963344	0.335978964300998	0.335008260051041	0.336543848252362	0.303873504087992	0.337180233637239	0.318004107303771	0.401988313808388	0.346493974182883	0.369825523614194	0.245473881951589	0.320371315543741	0.360516970252906	0.396110744087301	0.27203048475209	0.325229669056772	0.436011748220647	0.269115235383336	0.384222081594225	0.320558867558447	0.355785629568122	0.321075981587644	0.0676026743954245	1.73528160375214e-09	2.22044604925031e-16
GSE118958_GSM3354766_Treat	0	0	0.248648282747076	0	0.184982507429628	0.212052904619443	0.123105825477845	0.193140276946608	0.199245288109576	0.19744419919148	0.168297227154508	0.204412979057679	0.183409116934377	0.270171265812469	0.213028301410452	0.254575138743337	0.130942343315289	0.190094510672722	0.226800753877028	0.267880346033071	0.151059586170487	0.19783513085626	0.343305058173642	0.17182910477217	0.254630141103098	0.203306554067936	0.268456941780145	0.025316531222166	0.010509085627229	2.22044604925031e-16	2.22044604925031e-16
GSE118958_GSM3354768_Treat	1	1	0.646369377797676	0	0.687287729533358	0.636453352385442	0.674635032860219	0.634894193133262	0.627923425522636	0.662278472201136	0.67109485260733	0.625748614280613	0.639851480496463	0.491046139442167	0.617328671602634	0.569824310110855	0.582214460208362	0.581125567045159	0.603803645932801	0.590514503929974	0.465825004799761	0.491154621030042	0.577465545970392	0.472207912985176	0.580768349113081	0.487313141674975	0.541410338369173	0.401742578075028	0.943104228216324	1	0.999999999853686
GSE118958_GSM3354770_Treat	1	1	0.969397785980522	1	0.984799504493059	0.975355564624275	0.996613019972382	0.982003288977535	0.984170387604958	0.986766027554519	0.991336456629183	0.98609186484312	0.991329004393196	0.972326703635026	0.987039504282113	0.970258764396645	0.997705228929078	0.993402226844824	0.987347790453764	0.981178970593129	0.998075060436247	0.995449428422748	0.969026866758861	0.997929477204655	0.984698422925618	0.995760722956421	0.990276722924878	0.999960220361746	0.999985014980917	1	1
GSE118958_GSM3354772_Treat	0	0	0.321507409481199	0	0.216956779186308	0.279037381727188	0.161038107644632	0.269370089592955	0.279800710231531	0.240534761412032	0.208905944322572	0.277418143915995	0.236672313021745	0.36169883316603	0.283232479283411	0.307815650070583	0.199564734151547	0.267234806281647	0.295498761260108	0.341213283115166	0.264614624104837	0.310172408958631	0.413527663433871	0.270025753883153	0.332990129113338	0.309584997395803	0.347601155978062	0.246154906377076	0.00921864385235051	0.0946545392153582	2.22044604925031e-16
GSE172188_GSM5243597_Control	0	0	0.312573033386269	0	0.199782026428514	0.263486909640556	0.0942443711334201	0.202979279704262	0.173378956525583	0.156274539215644	0.138243943543791	0.149148520545599	0.116361512740716	0.0832549451444185	0.129596161231821	0.113378550968544	0.050171197467065	0.0786697776037777	0.113162804553953	0.123166866569802	0.0272307352060044	0.0450328713587436	0.132684626489909	0.0272303385920992	0.109316273370166	0.0414996540301774	0.0707727239660996	0.00215795378593103	0.0514130641598609	2.22044604925031e-16	2.22044604925031e-16
GSE172188_GSM5243599_Control	1	1	0.835906008881874	1	0.880920894044604	0.834201843550104	0.915755757703414	0.847482901216896	0.855534101619105	0.870726906026417	0.889296369261299	0.857476413035113	0.879973262019667	0.767978811309203	0.856962705965133	0.787437200046719	0.910730288874321	0.877555901867207	0.854181178358029	0.828113230638671	0.896362211062908	0.872479551611829	0.783125372590285	0.875322614443001	0.837679884121175	0.862415956834777	0.829992335534208	0.993283872994458	0.99762629885732	1	1
GSE172188_GSM5243601_Control	1	1	0.821549227061703	1	0.793365113204999	0.801351449909548	0.822563272667678	0.779685584828802	0.753389055615592	0.744657472123402	0.779246266220425	0.731336564852888	0.740234331673243	0.4561720507061	0.704124476724883	0.508531122838539	0.7668554939196	0.697950160479483	0.66955480894394	0.614195154571882	0.678927156302446	0.636444433824482	0.512195409919154	0.626052276734441	0.623581767797944	0.61215673239799	0.557981104892834	0.850428245302606	0.98535752347476	1	1
GSE172188_GSM5243603_Control	1	1	0.93232917281239	1	0.967058233970736	0.944693783130466	0.98974429802076	0.957706045434869	0.962835384851824	0.974108383809547	0.980291513872009	0.96969319264029	0.981019403866019	0.9639869889406	0.973633048429008	0.970325883077452	0.99198591954534	0.983839195216189	0.975886120911504	0.96921705381445	0.991875857400381	0.986021288005374	0.962102815626026	0.992366910509113	0.972625250420051	0.987193375463474	0.981978143326008	0.997224062505689	0.999870089899766	1	1
GSE172188_GSM5243605_Control	1	0	0.592673089697055	0	0.433154644371646	0.517695243930016	0.327238616825457	0.475914295526477	0.454867128689042	0.413144168722529	0.388315340443752	0.430624397730014	0.379804454986713	0.406616252547206	0.413490351244055	0.406183548484495	0.283366653694614	0.352662722693536	0.400172033936339	0.427346239765483	0.272517507940238	0.326672906387965	0.461634200377739	0.288420120042199	0.4119478148754	0.330464708568489	0.384196017657637	0.342255261490447	0.405078517393217	2.22044604925031e-16	2.22044604925031e-16
GSE172188_GSM5243607_Control	1	1	0.960456508689142	1	0.927065496118094	0.949538669543252	0.963713945887978	0.949389212107185	0.945775061620547	0.93203336385043	0.944170275392534	0.943511718541239	0.945208911240355	0.906146104165773	0.940737549127319	0.879015049992605	0.971789985772622	0.954886428322627	0.937317416951491	0.926104035048089	0.979618571572213	0.968291085652096	0.906016854568032	0.980934534955718	0.933906352970959	0.971639052771769	0.951349610368264	0.999227042794212	0.999242550975005	0.999414850046849	1
GSE172188_GSM5243609_Control	0	0	0.315752056293772	1	0.400228351667527	0.344002938206445	0.395106833587558	0.374490113108126	0.384018046509027	0.402965265545061	0.399789214374245	0.392374602425043	0.410838580879066	0.372294611741594	0.405773249687325	0.306489923223493	0.435762478940911	0.435837725264137	0.422281804378759	0.421391785675282	0.48976158235205	0.476497340522933	0.393297669646103	0.451780694539498	0.428350051782802	0.463917301566124	0.40121247964875	0.574015153701204	0.072673724934308	3.14217684880991e-12	3.82819021095174e-08
GSE172188_GSM5243611_Control	1	1	0.59109316606521	0	0.64830896440939	0.612737678022959	0.618711453952869	0.610015319169501	0.605562398710344	0.621856584980611	0.625878984934621	0.596010940784248	0.593426877162006	0.467700815945762	0.58049940112285	0.562429627628327	0.515963032744207	0.528101027635435	0.560378374603271	0.551566857093188	0.389054792323651	0.426950258012517	0.548577466084516	0.392735216931542	0.538564898713643	0.418722266436037	0.493311918566944	0.268563239994872	0.910126381863192	0.999999998610689	0.999691284211702
GSE172188_GSM5243613_Control	1	1	0.869919376301377	1	0.905320052404941	0.87559606030773	0.958594617219043	0.885400280144245	0.8861498164375	0.913704932015443	0.930721072084993	0.900250731203874	0.932355282643144	0.874082185789849	0.911474048894337	0.863760386027436	0.96872010195926	0.944050682713552	0.919655650665731	0.902569156092641	0.973836738646895	0.957137032665122	0.878568621241679	0.974039433403912	0.912944823151894	0.959889398182985	0.936729334461076	0.995001415519222	0.996641817494074	1	1
GSE172188_GSM5243615_Control	0	0	0.454437029547756	0	0.367462916849511	0.393372647760664	0.318081774532142	0.371009935660723	0.357528460038092	0.336133352275138	0.333199570241025	0.336124311372878	0.310894848622183	0.234342197377855	0.315541406120495	0.263033549665183	0.25981075738105	0.272459772641273	0.29501423059394	0.293581412611926	0.206063632634383	0.225489672618867	0.287810804241295	0.210910625909912	0.284744074594048	0.223976037062013	0.252423608174754	0.0190313484880134	0.129769700410495	2.22044604925031e-16	2.22044604925031e-16
GSE172188_GSM5243598_Treat	0	0	0.0941726861248328	0	0.037242693178101	0.0765146811543481	0.0104315297053225	0.0509490451794959	0.0410179467794544	0.0303159741761793	0.0220159559894271	0.0342891066665246	0.0212275101773959	0.0307441233099669	0.0302756376899907	0.0293656902287496	0.00726644939239096	0.0169304883964997	0.0281010462343663	0.038040454918656	0.0063845687248063	0.0129483870805033	0.0544484498266802	0.0069414121154616	0.0325934951612376	0.0123058405252752	0.0230831475984966	0.00030440193105414	0.000164396989428877	2.22044604925031e-16	2.22044604925031e-16
GSE172188_GSM5243600_Treat	1	1	0.70208793045991	1	0.656894986081147	0.690844400113322	0.620092289957186	0.67434374817156	0.657886868128544	0.623973395239101	0.628607765075563	0.633179424524035	0.601114977269269	0.467895409987278	0.606144942857044	0.486667086709984	0.546455084328136	0.558455666837581	0.577770723530072	0.570524469437541	0.477870763268112	0.503492825393323	0.55176372829962	0.463255875557497	0.564153593805794	0.492096977833439	0.511000869949025	0.885920978759655	0.908322815587464	0.00074836959522976	9.4884303943303e-06
GSE172188_GSM5243602_Treat	1	1	0.811329833716821	1	0.910064914958934	0.857696350555039	0.964867286875929	0.902510135299496	0.923833901868253	0.941400994138651	0.947567991082988	0.939561903557516	0.95646577186795	0.962778158260459	0.949739062171121	0.970184326265097	0.977330355483778	0.966462630338175	0.95675758796131	0.953975030278362	0.980337811916399	0.972762979937624	0.959477126761702	0.982944418072699	0.957062388957409	0.975192805972452	0.974580097294079	0.974983877186044	0.994165671184321	1	1
GSE172188_GSM5243604_Treat	0	0	0.275473518163872	1	0.313394450222655	0.320080040863492	0.375134112384087	0.352070649416144	0.382950409967979	0.406117447383093	0.381388704185532	0.430420029420521	0.455441199650808	0.624283110395724	0.480624585327353	0.536409951890627	0.542412619869289	0.559118668374937	0.535792048793661	0.574295860091803	0.697025470709877	0.680118378812808	0.644730643709401	0.724750292431119	0.583181237426044	0.69912543310192	0.683051637068688	0.259721296031837	0.0106162634970486	0.00304049540619657	1.54473118383051e-06
GSE172188_GSM5243606_Treat	0	0	0.369317659095883	1	0.333470867853012	0.365448022088231	0.254959923549691	0.362457292748767	0.364400076713396	0.337542658995274	0.308882854544614	0.36093626249518	0.324702113355346	0.39830651748558	0.362789176956893	0.333201609756431	0.272838211916529	0.34174863795444	0.371842502493571	0.41013585991072	0.334060499207375	0.37908563327944	0.459432474989466	0.35218294608881	0.402280143491837	0.387260426684674	0.40852104836546	0.641737438711569	0.0992568612616601	2.22044604925031e-16	2.22044604925031e-16
GSE172188_GSM5243608_Treat	1	1	0.750335941621694	1	0.69442532871085	0.740950170674715	0.720802328809793	0.739411030194102	0.728237019188675	0.701274000874145	0.707016945894147	0.724662434463021	0.717346592996646	0.702989285316107	0.725271055785619	0.629823526876203	0.75730810854846	0.747645710989699	0.728823297772584	0.731555011903849	0.818391957974514	0.800157493233336	0.732949028149159	0.832190961270772	0.739484948619631	0.813340862831713	0.776181023988671	0.979853959844943	0.905752945107633	2.22044604925031e-16	2.22044604925031e-16
GSE172188_GSM5243610_Treat	0	0	0.458103515903387	1	0.507257853371055	0.475424158654219	0.593479733071122	0.51354755157338	0.538731929537229	0.5548757572035	0.560413349485837	0.564828799019315	0.597568108120328	0.593118358502789	0.592155149514281	0.516354499164248	0.695062374265097	0.66198533828532	0.620049635364687	0.618441100400243	0.779307858753193	0.740169857227326	0.61159445618871	0.778724693037066	0.633997430011799	0.748706406038096	0.685868225484447	0.69347227747795	0.175605460280962	1	1
GSE172188_GSM5243612_Treat	0	0	0.209865235663348	0	0.197222786663763	0.214903249672379	0.131283183598451	0.200824731631148	0.197277490747541	0.190794306235641	0.169806417754725	0.190957199667429	0.167995530193629	0.176809870941799	0.186709913248224	0.196317329086395	0.109980802376092	0.149647686688594	0.184118993250686	0.206106981989319	0.093946274523428	0.125192705560654	0.24472356217628	0.106271107415272	0.192464543415852	0.12744925102384	0.17984140972636	0.00424817460325028	0.0155981429833028	2.22044604925031e-16	2.22044604925031e-16
GSE172188_GSM5243614_Treat	1	1	0.517399780139625	1	0.668996936827844	0.539014332663459	0.777063059254518	0.590610189832794	0.634596713123509	0.693767424323117	0.717625017472921	0.673985175254692	0.740425871210149	0.6843290029048	0.709438835649023	0.626258455874976	0.848154908585094	0.795801841359976	0.742351759344245	0.727558391858071	0.896637001842096	0.857271692805504	0.717483027387708	0.897220587458302	0.747393089432919	0.863210514999284	0.813666189629557	0.93188270348451	0.7292233633513	1	1
GSE172188_GSM5243616_Treat	1	1	0.760440567246869	1	0.796276485870803	0.752195591839775	0.807331046649861	0.735978592797142	0.722444421192951	0.738977638319376	0.770946110632032	0.70208745357917	0.717888865115997	0.411264390406076	0.673123515275117	0.517314791108262	0.700506953938486	0.639908384688105	0.635390018206665	0.583301225345045	0.529723307122916	0.516922864611909	0.502807155205104	0.490933300051676	0.582132557787551	0.491304093628971	0.501776031525956	0.684504317864523	0.991684941488627	1	1
GSE176440_GSM5365607_Control	1	1	0.898218768421058	1	0.947733852612149	0.905096329891137	0.978316025691714	0.923630515755951	0.929542128691165	0.945169535317112	0.959701674416024	0.933529890686375	0.954261129433189	0.846191724975292	0.934595051967397	0.867601368571642	0.976896546264464	0.952871768238136	0.932625768012478	0.90730406058874	0.96948327201644	0.949816989722149	0.856901211750375	0.964604630151977	0.916566904726144	0.948690840379462	0.919602100413461	0.993669365870966	0.999645287014466	1	1
GSE176440_GSM5365608_Control	1	1	0.912910201200057	1	0.929481494776287	0.904248737083379	0.944688515847632	0.904474493900904	0.898045067918294	0.915818702417902	0.929634663297665	0.8920800693286	0.909892401310943	0.729016332173237	0.883122259019863	0.810084768390911	0.901893981883189	0.871850528171215	0.868031074447359	0.833310917931987	0.798045969196799	0.788298812902097	0.754556117008652	0.740080760459854	0.833822207870902	0.75856551213533	0.74417846918488	0.991129473440553	0.999595046437801	1	1
GSE176440_GSM5365609_Control	1	1	0.974266705267759	1	0.988755386561523	0.977491195884273	0.996274702521314	0.983696742810498	0.985067384659904	0.9882281104934	0.992078135076705	0.985612566859038	0.990367060874858	0.954252506433676	0.985120846754386	0.965864026837549	0.995343568106433	0.989034183806779	0.983513117498334	0.974641841668388	0.992164773369307	0.986174123540542	0.952406260136313	0.989286361050245	0.977540735190846	0.984840519476896	0.973824809523398	0.999965063292768	0.999996340619083	1	1
GSE176440_GSM5365610_Control	1	1	0.925134883124345	1	0.970043574293111	0.939724511379943	0.989419065209251	0.959924444591223	0.96997162194436	0.976129151443735	0.981189245494752	0.975024351552575	0.982433424567601	0.974816046692674	0.977839573448899	0.975412020571259	0.992358212081856	0.98609244507984	0.979661577657271	0.975763390416499	0.993865549335292	0.989740512792216	0.973314436806778	0.994619991205268	0.978422693276001	0.990982627150813	0.987197453837017	0.99972904669567	0.999936445781134	1	1
GSE176440_GSM5365611_Control	1	1	0.800082840424443	1	0.802138080838209	0.823151134608465	0.892052403283866	0.838998231498624	0.840880599120958	0.854292792694006	0.861683409535308	0.864653044557545	0.886030592380489	0.915938019296156	0.882911676540132	0.895687427907489	0.936247624030113	0.918923245158067	0.898481532536988	0.900112936929962	0.963275218044368	0.949826783879751	0.91346768879841	0.97177630912647	0.907014170589623	0.958349348148277	0.947993768835367	0.970364227517163	0.938627932121435	1	1
GSE176440_GSM5365612_Control	1	1	0.958838978149093	1	0.967646663785282	0.963377018963843	0.985380560576357	0.970615572591959	0.972887319789674	0.974165396950609	0.978150047786087	0.975253031353822	0.978999439695267	0.975417129979013	0.976198765810917	0.978659588699456	0.987166902626493	0.981067154697353	0.976342797658804	0.973346885651756	0.987530947134948	0.98295508354023	0.972287435969922	0.988708227692555	0.975005664120509	0.984402966447831	0.981857318314936	0.999621248801791	0.999925719895162	1	1
GSE176440_GSM5365613_Control	1	1	0.973958981271177	1	0.940997659682124	0.957684623192308	0.960739090128562	0.947937852726691	0.936363216626597	0.929397034403664	0.943544888039378	0.931305427191538	0.936050306807207	0.846166752161621	0.925058968771343	0.826004972415886	0.958324979987187	0.936433718575839	0.917420867721815	0.897052509083218	0.959702452379802	0.942846421464324	0.848645267936475	0.953261179406141	0.906090956044703	0.942617539748261	0.904467742660593	0.999923697279723	0.999847555473898	1	1
GSE176440_GSM5365614_Control	1	1	0.941577581404277	1	0.960242707815395	0.945536222947747	0.983840156535855	0.956641669101195	0.960621314283838	0.965413708855597	0.972694833289467	0.964112980361185	0.972840393418729	0.950002948987716	0.965805968973237	0.95043915598481	0.986480274098161	0.976179939071202	0.96640323421921	0.958172966777196	0.98717606104893	0.979816103862228	0.945233347984111	0.986709652947636	0.96250234006735	0.980668519998439	0.970286865871473	0.999578062485242	0.999823017202138	1	1
GSE176440_GSM5365615_Control	0	0	0.240572353198565	0	0.286081579340107	0.254020848456662	0.299863618449978	0.263314069935007	0.287027761142719	0.321003495331814	0.307281596115707	0.318598415584671	0.34811417035062	0.436716093814733	0.355121540211539	0.364062309728161	0.409929048317644	0.418954516893566	0.397990905963158	0.420935463713368	0.540452611549458	0.519535484536255	0.46082292771921	0.547938351707488	0.429651551988937	0.528070346267249	0.497931496486009	0.141920444955405	0.0149947195412809	0.999999999862017	0.00503127894273979
GSE176440_GSM5365616_Control	0	0	0.183623406825493	0	0.140841739179867	0.17684909823226	0.105604511666624	0.157567567328459	0.15321644032253	0.157281121629834	0.135377259250019	0.162568069772941	0.153945681039541	0.236746560176129	0.175921000243076	0.206519418769783	0.130210307606265	0.173012909652951	0.194147024250653	0.228449654054605	0.169183043789823	0.199725988579497	0.292747085864277	0.190896046691068	0.220847151412447	0.207987326486511	0.248494592966052	0.00936006059239233	0.00170320411010283	2.22044604925031e-16	2.22044604925031e-16
GSE176440_GSM5365617_Control	0	0	0.237921878411872	0	0.219961493880258	0.229655407161548	0.140905170395689	0.205986542989296	0.198761682515202	0.208732285811861	0.185996622618296	0.198163888582531	0.185972825002786	0.191531024949951	0.20125068628912	0.17635712248359	0.126838323702898	0.17403348567489	0.207156629323481	0.229966271251662	0.12577273988876	0.161011410693664	0.251646249332483	0.123365809332163	0.218640021702261	0.156549118962574	0.183874342272656	0.0871819768473851	0.0179376744671586	0.000216171390550473	1.64266537615638e-13
GSE176440_GSM5365618_Control	1	1	0.755936000418087	1	0.821683163261598	0.753266596550259	0.884909083414474	0.777664019193033	0.791958815209641	0.807534722524064	0.837714653009701	0.793825996445003	0.823573530822038	0.629007878130303	0.789864032946746	0.65729656678117	0.879822302779256	0.819797443032844	0.780990077263952	0.739981100651103	0.855498112707056	0.810594938522738	0.675194712108134	0.833734380315185	0.753992219910975	0.801125478348395	0.751397329112228	0.913216840942227	0.981447495284323	1	1
GSE176440_GSM5365619_Control	0	0	0.182972181542227	0	0.0737016467291438	0.134724341479212	0.0296869106342076	0.101287269005411	0.0851721324837598	0.0640854472324817	0.050656876242265	0.0744781361698092	0.0512159950109367	0.0746398392179074	0.068513654398573	0.0683633732274883	0.0258914356998008	0.0472172844572777	0.0657140294498236	0.0833288349489606	0.0269129226732384	0.0432864521420318	0.113959703778534	0.0277354104474457	0.0755245606845064	0.041103131015581	0.0635624098751148	0.00462890533996187	0.000768567696610256	2.22044604925031e-16	2.22044604925031e-16
GSE176440_GSM5365620_Control	1	1	0.872120925094405	1	0.915402096576846	0.880589403779363	0.968663032133518	0.900345757517442	0.909113734081956	0.927724797871114	0.943443716401091	0.920661336092073	0.945206036209565	0.888893795462336	0.927808224789051	0.889523013938295	0.976563121665123	0.954275078366757	0.931990228396074	0.914030862098452	0.978540054252544	0.96303598647648	0.886604645850773	0.978204930874391	0.923783968469175	0.965087080003379	0.943784719463866	0.979324510268766	0.99621656990376	1	1
GSE176440_GSM5365621_Control	1	1	0.629928628400055	1	0.739431844703436	0.644729588852606	0.801554033334287	0.691665301081633	0.729841523738838	0.732389447303295	0.756781261513686	0.729515559699332	0.746518878792361	0.600710690932885	0.72466855964883	0.613645991203564	0.797013650248543	0.745632247342754	0.716603819488083	0.691179180944505	0.782972662334808	0.746438875197808	0.660981316335367	0.791450764764402	0.700377858383633	0.754028382189222	0.726599590822282	0.647207597639889	0.948852246883773	0.999998957760803	0.999997252398269
GSE176440_GSM5365622_Control	1	1	0.552167133005875	1	0.577952960304962	0.552745458951084	0.664844842399371	0.573319175453413	0.588881798391115	0.592844886759444	0.612586137071023	0.60485751135373	0.631094727608175	0.568217845787458	0.618555887248047	0.520866295854936	0.735986785516118	0.681901144364444	0.632649395388465	0.619990754304634	0.794446196035683	0.747098486187984	0.61223492481501	0.7992584221149	0.637262800068458	0.755871585944355	0.704383600169167	0.667357567072519	0.514981622712912	1	0.999999999771692
GSE176440_GSM5365623_Control	0	0	0.554274958724469	0	0.556244297310275	0.542703488684608	0.556985048727454	0.53666464483673	0.529223152377673	0.518439571929299	0.535842782300506	0.512680150669629	0.510927958076026	0.350931303839486	0.494747314250215	0.356327763431843	0.518028459181864	0.487333688274332	0.475919390720881	0.45112319006992	0.475633492550269	0.46092329310112	0.400953384548821	0.450899311374305	0.45524387970675	0.449424102326454	0.418958590856389	0.302581359654191	0.624064117739799	7.60187904235518e-13	7.76933081621524e-11
GSE176440_GSM5365624_Control	0	0	0.386217867090977	0	0.450427446053119	0.409190917936329	0.384420400158384	0.411737111841186	0.424575665956215	0.424202055061405	0.414440125003768	0.412588783223581	0.395577580572464	0.320742319543795	0.402158185896289	0.353160475090922	0.322229543991907	0.357659192681281	0.392141263272923	0.402945753563877	0.270215500315268	0.309561358826973	0.426983725435104	0.290705738291104	0.390349077380995	0.31217434993326	0.374845939724712	0.138439579544447	0.494116542440612	2.22044604925031e-16	2.22044604925031e-16
GSE176440_GSM5365625_Control	0	0	0.113907427879523	0	0.0491197119004114	0.103179288325158	0.0201237425584431	0.0775634158670553	0.066181331072585	0.0465842473791078	0.0354323161620038	0.0593216436840471	0.0391183604137883	0.0730563335165336	0.0561716413569866	0.0567506240853882	0.0217438275142507	0.0411986353137397	0.0559748179858502	0.0751365871427614	0.0298134815168875	0.0462476157973476	0.112117141012189	0.0339630391601928	0.0687982807394891	0.0469728521472817	0.0685533968824032	0.0026128147346435	0.000158568859529707	2.22044604925031e-16	2.22044604925031e-16
GSE176440_GSM5365626_Control	1	1	0.718729051676051	1	0.785354209615545	0.723937144854345	0.88578593993626	0.752961546815863	0.771257911225419	0.803782057662513	0.831642235867982	0.791372306049805	0.837304978205439	0.743386150849529	0.805420698426665	0.736282149181474	0.9121228371526	0.860539224843238	0.815511339662043	0.785635069076604	0.922277741884407	0.885000783992283	0.743151954732321	0.920001613095296	0.803023432604028	0.888301459009376	0.841248859991888	0.730136232570503	0.919940416168119	1	1
GSE176440_GSM5365627_Control	0	1	0.446092263587386	0	0.567141530268182	0.474703877796689	0.590912149425084	0.512877442409646	0.545537515208708	0.555764552741518	0.568136355926999	0.548674839592871	0.562711456587018	0.4742150834766	0.548493922827774	0.472379029737363	0.595258573566294	0.566753386982147	0.548317558744608	0.533987272639908	0.592892540486535	0.572545342243624	0.512165741817293	0.57834381315898	0.540520231424791	0.565466037291772	0.542000213706925	0.386420589117225	0.589583254569726	9.60011564482052e-11	1.25094731931793e-12
GSE176440_GSM5365628_Control	0	1	0.36531264364163	1	0.407720906808132	0.368347507757083	0.273279552634698	0.347809320895255	0.350392542136102	0.353945616446042	0.335202945698419	0.32953768656654	0.303957870399258	0.229850728151969	0.312427388633486	0.248040450219271	0.192054072126174	0.248697981473414	0.298206136017838	0.308990376283918	0.142808135104866	0.190068689957835	0.30647551045965	0.135654351487276	0.292862751732801	0.178835316203501	0.220836485231635	0.27150830749949	0.471225938000976	2.22044604925031e-16	2.22044604925031e-16
GSE176440_GSM5365629_Control	0	0	0.166478840053127	0	0.132457098307687	0.17174984213171	0.0773269971275794	0.160668373431892	0.158637281326119	0.11881135022656	0.104172754521333	0.141301240264734	0.10401014517931	0.115186870007783	0.128249017753296	0.108843217074381	0.0716264387916473	0.099339528290659	0.119269076756531	0.136286303600778	0.0736757441186269	0.0953010398224234	0.163624342995795	0.0768098908348712	0.128923861240434	0.0933408561522236	0.120048299947583	0.00439928180062548	0.00376262609826062	2.22044604925031e-16	2.22044604925031e-16
GSE176440_GSM5365630_Control	0	0	0.193475808117976	0	0.144013911043157	0.183989360711798	0.104405728450096	0.166903002533005	0.164844658374578	0.14852418896118	0.130639521222182	0.163762718663043	0.142893171418857	0.18407950869868	0.167257079175383	0.156566541493375	0.121014720375992	0.157009592112956	0.175155019820881	0.204397824926819	0.155255869968498	0.181941960017667	0.262328055192423	0.186701448579162	0.197886427611519	0.195262602986157	0.233869459397053	0.0127262766723723	0.00378815069858271	2.22044604925031e-16	2.22044604925031e-16
GSE176440_GSM5365631_Control	0	0	0.0789452802541794	0	0.0273126892817569	0.0602823194051636	0.00457907890669528	0.037984965607955	0.0299961635156618	0.019048827743337	0.0127131244342012	0.0218545048194018	0.0109659873179645	0.0155016503981292	0.0171738780777489	0.0163137395338432	0.00216062725063476	0.00682033722120425	0.0142707852608414	0.0202431486384688	0.00138458683398121	0.0037741417895072	0.0278867184899943	0.00133906945408733	0.016134221060102	0.00329552233214145	0.0074805055118322	0.000301947141783856	0.000119786027619451	2.22044604925031e-16	2.22044604925031e-16
GSE176440_GSM5365632_Control	1	1	0.959097614129489	1	0.982821912989562	0.96148353545355	0.99584156833792	0.971246594368266	0.974341023789525	0.983454435741191	0.989438122437493	0.978085726712789	0.988413167264399	0.945436797810209	0.980099801016569	0.949495855539525	0.99649849033058	0.989675430846199	0.980804560040719	0.969020975343059	0.995979601178168	0.990858402439521	0.937762371999297	0.994731511015069	0.974533300051563	0.990548143620385	0.97775890758906	0.99981560123797	0.999976626211846	1	1
GSE176440_GSM5365633_Control	0	1	0.511738398420282	1	0.625053511465293	0.544955224531351	0.695795913701018	0.579518963819035	0.606890436184653	0.635308181928428	0.653362145373126	0.621966111895926	0.657936562137173	0.559460119167476	0.634613804974432	0.542475793333072	0.723052757881458	0.677423155457035	0.645362684972784	0.628830678347369	0.740075420768914	0.703205135423104	0.608069054948028	0.745923993010461	0.639501837006203	0.711073412998565	0.673107186962075	0.565170067368812	0.683029250204244	0.99999876658664	0.99999984331845
GSE176440_GSM5365634_Control	0	0	0.13711615297062	0	0.151297903243457	0.168559881017989	0.128559791700211	0.174632599030489	0.17941767719432	0.170456635903226	0.151804129435139	0.190152427626877	0.180309563716987	0.28028487944029	0.206379197442291	0.203695656335309	0.194814329537724	0.230515647474391	0.230000400247814	0.261740930857254	0.311050669276545	0.318442729749094	0.310300232404591	0.323057841319306	0.264235124631076	0.327224412682191	0.312804426823107	0.0512339871599822	0.00148359456439959	2.22044604925031e-16	2.22044604925031e-16
GSE176440_GSM5365635_Treat	1	1	0.910489695687123	1	0.963539355941384	0.918008779396902	0.984123608523317	0.941295023723101	0.950842480070346	0.95796875347768	0.969998354003129	0.951211530340677	0.964384259734452	0.849299125051654	0.94963898954862	0.863671016301061	0.981860506986296	0.962513887098796	0.945783715499651	0.924263046975315	0.976298399919095	0.960743184536404	0.880249706774483	0.973601052732486	0.932272793627333	0.960884411959097	0.9368264533029	0.999596506812624	0.999955110459633	1	1
GSE176440_GSM5365636_Treat	1	1	0.628131732082843	1	0.551336769903747	0.583245394775884	0.357982906864174	0.529551131297897	0.476477621502652	0.453547206851982	0.438879482737909	0.417955051966115	0.361410706271494	0.191228541483364	0.366015711670407	0.271817861940796	0.173614310572203	0.235462252157567	0.314966988157913	0.313189491850328	0.0742357773025434	0.118092169632984	0.288736116293025	0.0642904112171224	0.284795856558756	0.102544736214446	0.158668339778607	0.393465000021247	0.910918571633147	2.22044604925031e-16	2.22044604925031e-16
GSE176440_GSM5365637_Treat	1	1	0.861619752770102	1	0.885174960438673	0.865822642336383	0.904808056867325	0.880547931168568	0.887188761904164	0.88630160497174	0.893698957220694	0.884339448173965	0.884610880767945	0.834937786166098	0.878167228071361	0.872410170955585	0.87624919453524	0.865847948789513	0.868865370696493	0.861153156755304	0.827691929084484	0.830223108188791	0.858073631195876	0.831134193603468	0.858946899552315	0.829810775060267	0.850930112921618	0.987067869028977	0.998035027979207	1	1
GSE176440_GSM5365638_Treat	1	1	0.98160015103939	1	0.989842552634747	0.984892847739875	0.99755705676443	0.9902188527253	0.991842785877697	0.992448591846795	0.994602597167443	0.992960216544634	0.994951711883816	0.991187068032356	0.993423043652267	0.991891265992956	0.998325299563202	0.996123785027324	0.993525685813997	0.991482356151933	0.998599460531547	0.997180897792906	0.989353799531851	0.998707363042678	0.992712876740337	0.9975208710226	0.995864336627732	0.999977768854807	0.999996101521551	1	1
GSE176440_GSM5365639_Treat	1	1	0.928409163574261	1	0.921955368097137	0.934835465949408	0.966695324419354	0.945994449195202	0.949049295849396	0.945559090811273	0.951398524286676	0.955110345256158	0.959858191337687	0.968525491321139	0.959085851628576	0.963521131793269	0.98036064779479	0.971737076778692	0.962147966599191	0.960850102821412	0.988167948454643	0.982387238515746	0.964713112242693	0.99077342502712	0.964268840401482	0.985443912097299	0.980968110287852	0.998382790132517	0.997687248336324	1	1
GSE176440_GSM5365640_Treat	1	1	0.952207850853428	1	0.95166280829048	0.954418371824717	0.967939834074878	0.958329875108995	0.956245316301054	0.954635445596739	0.959842122801738	0.955586822915702	0.957090912574075	0.940306583791394	0.953265581405653	0.952344293223023	0.961441919747116	0.95275282732604	0.949431693817225	0.943676728598457	0.950482050840706	0.944839079643571	0.937491390108789	0.950328586674182	0.944566775429609	0.945580431592298	0.944288878266625	0.999259898128149	0.999853504152245	1	1
GSE176440_GSM5365641_Treat	1	1	0.8074666387788	1	0.732748492667673	0.785551773774352	0.760086109899519	0.783548345703836	0.777552006642512	0.757435855561535	0.756820525247596	0.781050384910472	0.772032325003693	0.789996505237332	0.783143984494671	0.76147249294548	0.792007784691289	0.794720498670016	0.786381387574046	0.791729349154664	0.831590339924956	0.825615814616452	0.79998563534248	0.839382200566608	0.795582626203551	0.833435788423332	0.819506112816096	0.987070139372384	0.934026439964653	1	1
GSE176440_GSM5365642_Treat	1	1	0.609212459063985	1	0.530001887080139	0.56689294252433	0.423608784380461	0.533821787781629	0.508865301930912	0.479214374846279	0.471064629922549	0.470055592788879	0.426116408085678	0.295644371608079	0.432351814950666	0.353563773755732	0.297102840864932	0.342204726816867	0.393452372036242	0.386845862639176	0.192052849929576	0.239614808562985	0.353536116635125	0.16781748167332	0.369674193455233	0.217930254470078	0.258966004390644	0.216355835890975	0.675134912332577	8.86202171161151e-13	1.4948234520571e-11
GSE176440_GSM5365643_Treat	0	0	0.495828556464817	1	0.552858562483692	0.492604784786577	0.618456355310393	0.502097839183549	0.526329738697326	0.596232812281934	0.597204353835688	0.567595397908183	0.624378783621023	0.635813029220446	0.606109817720638	0.610773616137161	0.681036631298259	0.6642138331993	0.643337284668131	0.6484436031916	0.73156629077065	0.710761381234673	0.667455771015562	0.753246820424096	0.65537662994987	0.725553390255906	0.712375108965088	0.4830716958396	0.409721327340719	0.212226387109204	0.907321572219159
GSE176440_GSM5365644_Treat	0	0	0.282846185657618	0	0.304970357757374	0.282924231768518	0.256752498912081	0.281066267247802	0.297198427298182	0.320449552895061	0.296738491729266	0.310419383849353	0.311052105330561	0.36367508911596	0.325202189145017	0.356538114655617	0.266880661315469	0.316419233316601	0.34328651775567	0.369844539547214	0.280191397300664	0.317958151138981	0.411190837709319	0.288012952711061	0.36116552439679	0.317071782098628	0.359268831654502	0.0779943525244536	0.0425389401703529	2.22044604925031e-16	2.22044604925031e-16
GSE176440_GSM5365645_Treat	0	0	0.242404300196489	0	0.181012921075596	0.234950325668522	0.13434452646608	0.202536308777214	0.18495209671509	0.190395305739379	0.168307308163324	0.194577538494146	0.186703800846172	0.263944009056803	0.20838797043547	0.214310591805526	0.164539879661298	0.210592961638623	0.228244373462967	0.260575300076154	0.221972547901369	0.250768750745088	0.30949515474006	0.232588417587788	0.255710960503795	0.255043986915201	0.272806839767051	0.0710333453890158	0.00492666302337656	2.22044604925031e-16	2.22044604925031e-16
GSE176440_GSM5365646_Treat	1	1	0.694129733891273	1	0.725279529501167	0.678364997075952	0.78981464305974	0.692267450550677	0.694620863265454	0.720393155162254	0.745275586859596	0.699413256623911	0.732429953785234	0.586480665604449	0.698584627955615	0.624947734199626	0.778426532811593	0.721695839610443	0.692752797804108	0.657249260210231	0.733690564025059	0.695582181355769	0.599410669512038	0.697761496642232	0.666491925570291	0.67821932423692	0.640498407179221	0.498820540168043	0.863899977901613	1	1
GSE176440_GSM5365647_Treat	1	0	0.503741067751916	0	0.399081620692894	0.458118252220541	0.368106738556684	0.420241668649699	0.390954347561663	0.394137991373712	0.38603803938586	0.390233394313089	0.388980386804885	0.352848603829969	0.393847982911638	0.328355174519535	0.37259791650418	0.392936774213366	0.400103893041558	0.407843859208934	0.390979161112813	0.404179649321673	0.410414074407458	0.39856818180038	0.406654473580621	0.408285559240809	0.406368784968502	0.234749826504392	0.182786476591867	2.22044604925031e-16	2.22044604925031e-16
GSE176440_GSM5365648_Treat	1	0	0.579506546009493	0	0.635328878238119	0.574788593686279	0.71242577351548	0.584318975779744	0.589317020441384	0.641854195157544	0.663634562408576	0.609204308509708	0.662538118444385	0.557156913021934	0.626241850947836	0.570075993058027	0.727685461827174	0.672487166111188	0.6397168905151	0.61671953745689	0.720763739433792	0.680233780860957	0.591099395734098	0.719180877391762	0.626831490688298	0.681751244650874	0.651969784727063	0.280377646651109	0.6755282240626	0.999620613457531	0.999518322294738
GSE176440_GSM5365649_Treat	1	1	0.586733005239746	1	0.761635251233575	0.613341315837581	0.787412023265803	0.664572345129577	0.716417524940777	0.762151696414849	0.77073308547322	0.734322854158715	0.766189021863696	0.719232599790635	0.747634801616742	0.737190597121536	0.776064106473475	0.76326691260979	0.759125316095833	0.75710418770374	0.766608637080108	0.760962227834553	0.771866482026197	0.790334072791409	0.757604983788355	0.771511450850119	0.788246214261512	0.884238117228094	0.978711267406491	0.0737289261878947	2.31341603501172e-07
GSE176440_GSM5365650_Treat	0	0	0.298592559386253	0	0.0952203682595975	0.236589021636516	0.0412028729598605	0.158998268378785	0.111349756820883	0.0775427688917795	0.0648874815386721	0.0903021560651101	0.0600980682541798	0.0585963900303598	0.0767461670884408	0.0599414914794562	0.0294184216188286	0.0484518763564539	0.0669493282012281	0.077666842209442	0.0234950410548655	0.0367409709343741	0.0885399281320704	0.0227081673248911	0.0702972184317914	0.0340298960809051	0.0493774767557952	0.00215544295300865	0.00166562677239965	2.22044604925031e-16	2.22044604925031e-16
GSE176440_GSM5365651_Treat	1	1	0.725388589460675	1	0.677035707917315	0.680215249499622	0.719222027668564	0.668027574498103	0.651244865510804	0.68156329446516	0.694826532599379	0.657485952130312	0.691816307113357	0.59478729155633	0.666563596594386	0.589255057076228	0.720202072607119	0.692164451232514	0.673809424042908	0.654802496393641	0.710616735442866	0.690710533093284	0.612988282545799	0.692807284191667	0.661858427498254	0.685972565326422	0.646559500854802	0.809942114904632	0.819348616724232	0.313802381772966	0.999999999357005
GSE176440_GSM5365652_Treat	1	1	0.8484916196418	1	0.940883476589325	0.879272624737907	0.97886686073377	0.909932403304969	0.925818501148955	0.950188224002672	0.961383954860658	0.938660157459616	0.962003367639492	0.917293009430398	0.946865926127234	0.922872152957018	0.982967398815691	0.967052550833975	0.952020039875328	0.939437249612947	0.983262685550701	0.97192567802829	0.922711127965538	0.984409955258403	0.945823711184641	0.974477851173171	0.962058543115344	0.989925253167953	0.999251184395793	1	1
GSE176440_GSM5365653_Treat	0	0	0.225305026538348	0	0.155781875775194	0.200010166886816	0.0858922117267584	0.171229529813743	0.16622162476386	0.143545859004397	0.122978140360224	0.154172210389667	0.124268397658584	0.14624700308496	0.148344363701382	0.133823084645604	0.0781027879004395	0.118224273499078	0.146951854322546	0.171776318755635	0.0823168192539595	0.114044876456455	0.208940727508786	0.0897885424075237	0.16144771775002	0.114446245161132	0.150725232659116	0.0259261481601065	0.0104991499552937	2.22044604925031e-16	2.22044604925031e-16
GSE176440_GSM5365654_Treat	0	0	0.285233582970998	0	0.274967657335564	0.288727377225949	0.254827486571274	0.279943922907856	0.282536022162965	0.28471572382408	0.271696908878537	0.292107613401591	0.289928383944418	0.319946607122325	0.303798222531475	0.284528758974378	0.298678687904448	0.3193007030847	0.319834492808854	0.338226423185835	0.357399570088561	0.363481915861426	0.370023436561917	0.371904309261665	0.339022177430267	0.369658089661437	0.373953788177896	0.0555327325100974	0.025760306605751	2.22044604925031e-16	2.22044604925031e-16
GSE176440_GSM5365655_Treat	1	1	0.625437173754509	1	0.709434465354579	0.651206869261461	0.732055771349664	0.678763049659201	0.69950856544311	0.701600759850785	0.713928487411128	0.695812664646012	0.701416290893338	0.595503777087691	0.688195698003273	0.625772615098081	0.70530961087441	0.684599115820518	0.678178249897356	0.661499751488182	0.662161309037715	0.65600273516836	0.636185884609313	0.646977136799385	0.663469774594259	0.647006776123416	0.644792036353233	0.742510218377441	0.926598496248013	0.999956363024508	0.99986049000192
GSE176440_GSM5365656_Treat	1	1	0.4008372378782	1	0.422975574388257	0.404493220332485	0.340164807124161	0.398409055634465	0.406278075088952	0.409732003188069	0.388465028153657	0.403512480018628	0.385550860672393	0.384769962893273	0.404381002560806	0.378483881488538	0.311138292002338	0.371499516437943	0.409535653378542	0.437891415761772	0.311455549634884	0.362270310933959	0.487628745758242	0.351044252714691	0.425678518403801	0.375951860476308	0.4388794032182	0.345351178833623	0.468836623593868	2.22044604925031e-16	2.22044604925031e-16
GSE176440_GSM5365657_Treat	1	0	0.590962497951975	0	0.521082832156398	0.5789691236944	0.545495925700303	0.559522468834371	0.535396354377628	0.514071118417772	0.52409770212041	0.524189151230063	0.51853227115262	0.414474214973829	0.515328320803729	0.418504731560591	0.541317104038891	0.516643766984853	0.505498509543483	0.495828511227416	0.529169586497226	0.514151565835779	0.485977423003668	0.539621325626645	0.498785505759563	0.519576828816045	0.513163147159213	0.221346652675633	0.468001060768352	0.00420074558975885	2.48305800335685e-05
GSE176440_GSM5365658_Treat	0	0	0.396382852729501	1	0.40543642410905	0.383829524201487	0.439599732967806	0.381841530597875	0.395402955343411	0.418837355916024	0.420683026274181	0.411436421495203	0.438169376109291	0.405648874237368	0.431878768587518	0.381365518335121	0.493550026404181	0.474546812874045	0.454701479018261	0.461792343507368	0.546584097031403	0.52556449608042	0.492494075339802	0.587376451433754	0.467968910070971	0.546275291716809	0.546089096414304	0.158747315608238	0.171022713609852	2.22044604925031e-16	2.22044604925031e-16
GSE176440_GSM5365659_Treat	0	0	0.0737449878243161	0	0.0217066979331986	0.060443119697303	0.00377289545795555	0.0351591397041052	0.024667014418019	0.015843975158241	0.0104141875309015	0.0185237092844729	0.00941260624069261	0.0155363066940237	0.015060782825796	0.0158639526091083	0.00199978443673802	0.0062990283659117	0.012981562397112	0.0191086082020864	0.00143609101128673	0.00382201310055449	0.029216663620452	0.0014709312312919	0.0152677862969324	0.00342622330080202	0.00807390120402527	0.000185341842711658	4.80816175330666e-05	2.22044604925031e-16	2.22044604925031e-16
GSE176440_GSM5365660_Treat	1	0	0.445808662867624	0	0.245412151612568	0.409781910106067	0.209677038402848	0.345995014143094	0.288932566647639	0.253585101328199	0.236170967882693	0.279983410017622	0.250250223334167	0.277563918008401	0.278259256920832	0.250351886287708	0.231834893641512	0.265998899984933	0.2805947905136	0.304630076659663	0.268257050823382	0.290810328925303	0.345684518601046	0.295421540447731	0.300042033186566	0.302438336769838	0.328175066870167	0.0480177843493895	0.0205631091797456	2.22044604925031e-16	2.22044604925031e-16
GSE176440_GSM5365661_Treat	1	0	0.492267736259326	0	0.358281851165612	0.473151318734152	0.289273817733295	0.413527833013954	0.356270461194471	0.324789594348937	0.316948149135685	0.329617224341718	0.29611314587243	0.220745585139636	0.307246292164358	0.245302674415879	0.233796894457964	0.258972884968578	0.28613625940548	0.28838564299977	0.184269458554711	0.21221954466004	0.285966258464847	0.178079551792425	0.278765845558351	0.202859460001021	0.23560526229916	0.0383442563460975	0.151709451887626	2.22044604925031e-16	2.22044604925031e-16
GSE176440_GSM5365662_Treat	1	0	0.398777085321462	0	0.268705492389547	0.370899265034973	0.23169327116174	0.321795243712191	0.276193821188498	0.264080782913843	0.252743745911132	0.270174339673726	0.258910271166548	0.230350837110255	0.271432410986068	0.203005316364996	0.24375401097239	0.266635434795573	0.275574025648413	0.287735302928418	0.265524298116844	0.280264571677812	0.297109490473045	0.268792380364212	0.285531715603142	0.282188353901235	0.28296155235921	0.161531923432263	0.0269757221207759	0.000122431629687528	6.8709655827115e-08
